Activity ID,Activity Date,Activity Name,Activity Type,Activity Description,Elapsed Time,Distance,Relative Effort,Commute,Activity Gear,Filename,Athlete Weight,Bike Weight,Elapsed Time,Moving Time,Distance,Max Speed,Average Speed,Elevation Gain,Elevation Loss,Elevation Low,Elevation High,Max Grade,Average Grade,Average Positive Grade,Average Negative Grade,Max Cadence,Average Cadence,Max Heart Rate,Average Heart Rate,Max Watts,Average Watts,Calories,Max Temperature,Average Temperature,Relative Effort,Total Work,Number of Runs,Uphill Time,Downhill Time,Other Time,Perceived Exertion,translation missing: en-US.lib.export.portability_exporter.activities.horton_values.type,translation missing: en-US.lib.export.portability_exporter.activities.horton_values.start_time,Weighted Average Power,Power Count,Prefer Perceived Exertion,Perceived Relative Effort,Commute,Total Weight Lifted,From Upload,Grade Adjusted Distance,Weather Observation Time,Weather Condition,Weather Temperature,Apparent Temperature,Dewpoint,Humidity,Weather Pressure,Wind Speed,Wind Gust,Wind Bearing,Precipitation Intensity,Sunrise Time,Sunset Time,Moon Phase,Bike,Gear,Precipitation Probability,Precipitation Type,Cloud Cover,Weather Visibility,UV Index,Weather Ozone,translation missing: en-US.lib.export.portability_exporter.activities.horton_values.jump_count,translation missing: en-US.lib.export.portability_exporter.activities.horton_values.total_grit,translation missing: en-US.lib.export.portability_exporter.activities.horton_values.avg_flow,translation missing: en-US.lib.export.portability_exporter.activities.horton_values.flagged
282668945,"Apr 10, 2015, 2:02:56 PM",A bit of a hill Run,Run,,1963,5.70,,false,,activities/282668945.gpx,73.0,,1963.0,1858.0,5700.2998046875,7.800000190734863,,45.38710021972656,,22.200000762939453,50.0,9.0,0.012280100025236607,,,,,,,,,515.8819580078125,,,,,,,,,,,,,,,,0.0,,,,,,,,,,,,,,,,,,,,,,,,,,,,,
285418571,"Apr 14, 2015, 6:20:17 PM",Evening Run,Run,,2910,7.52,,false,,activities/285418571.gpx,73.0,,2910.0,2662.0,7526.39990234375,6.300000190734863,,0.0,,3.9000000953674316,25.399999618530273,3.9000000953674316,-0.24580100178718567,,,,,,,,,669.876953125,,,,,,,,,,,,,,,,0.0,,,,,,,,,,,,,,,,,,,,,,,,,,,,,
285467444,"Apr 14, 2015, 7:55:17 PM",Evening Run,Run,,783,2.29,,false,,activities/285467444.gpx,73.0,,783.0,665.0,2297.89990234375,6.199999809265137,,20.99020004272461,,6.099999904632568,25.5,4.800000190734863,0.7789720296859741,,,,,,,,,213.28250122070312,,,,,,,,,,,,,,,,0.0,,,,,,,,,,,,,,,,,,,,,,,,,,,,,
665542455,"Aug 5, 2016, 4:19:40 PM",Afternoon Run,Run,,1866,5.02,,false,,activities/665542455.gpx,73.0,,1866.0,1809.0,5023.2998046875,5.0,,40.36259841918945,,54.599998474121094,94.0,8.100000381469727,0.003981450106948614,,,,,,,,,454.0471496582031,,,,,,,,,,,,,,,,0.0,,,,,,,,,,,,,,,,,,,,,,,,,,,,,
672275108,"Aug 11, 2016, 12:58:38 PM",30 on/off sprints,Run,,1349,3.21,,false,,activities/672275108.gpx,73.0,,1349.0,973.0,3212.699951171875,9.100000381469727,,0.0,,14.399999618530273,19.600000381469727,4.0,0.115167997777462,,,,,,,,,290.7688293457031,,,,,,,,,,,,,,,,0.0,,,,,,,,,,,,,,,,,,,,,,,,,,,,,
818645909,"Jan 2, 2017, 12:31:07 PM",Lunch Run,Run,,3725,10.21,,false,,activities/818645909.gpx,73.0,,3725.0,3343.0,10213.599609375,5.699999809265137,,25.554399490356445,,2.0,17.0,14.699999809265137,0.026435300707817078,,,,,,,,,923.4767456054688,,,,,,,,,,,,,,,,0.0,,,,,,,,,,,,,,,,,,,,,,,,,,,,,
882063133,"Feb 27, 2017, 9:21:53 PM",Night Run,Run,,1721,5.48,,false,,activities/882063133.gpx,73.0,,1721.0,1697.0,5484.5,8.5,,20.463600158691406,,2.0,22.899999618530273,15.899999618530273,0.003646640107035637,,,,,,,,,496.0506896972656,,,,,,,,,,,,,,,,0.0,,,,,,,,,,,,,,,,,,,,,,,,,,,,,
902807466,"Mar 16, 2017, 6:58:57 PM",Evening Run,Run,,1615,4.07,,false,,activities/902807466.gpx,73.0,,1615.0,1480.0,4072.60009765625,5.599999904632568,,14.75,,2.0,19.399999618530273,15.100000381469727,0.0,,,,,,,,,368.3359069824219,,,,,,,,,,,,,,,,0.0,,,,,,,,,,,,,,,,,,,,,,,,,,,,,
2162447724,"Feb 20, 2019, 12:48:27 PM",Lunch Run,Run,,2216,5.34,,false,,activities/2162447724.gpx,73.0,,2216.0,1837.0,5346.10009765625,5.0,,42.14804458618164,,55.5,92.80000305175781,9.600000381469727,0.003741044783964753,,,,,,,,,483.7267761230469,,,,,,,,,,,,,,,,0.0,,,,,,,,,,,,,,,,,,,,,,,,,,,,,
2197558362,"Mar 7, 2019, 5:59:08 PM",Afternoon Run,Run,,1566,4.43,,false,,activities/2197558362.gpx,73.0,,1566.0,1398.0,4432.5,4.699999809265137,,54.66038513183594,,19.299999237060547,62.099998474121094,11.0,-0.0022560632787644863,,,,,,,,,405.47802734375,,,,,,,,,,,,,,,,0.0,,,,,,,,,,,,,,,,,,,,,,,,,,,,,
2559223328,"Jul 24, 2019, 12:40:51 PM",Afternoon Walk,Walk,,2955,3.83,7,false,,activities/2716125864.fit.gz,,,2955.0,2847.0,3836.0,2.200000047683716,,38.0,38.0,56.599998474121094,84.19999694824219,21.899999618530273,-0.16684046387672424,,,77.0,57.6865348815918,121.0,100.0,,,260.0,,,7.0,,,,,,,,,,,,,,,,,,,,,,,,,,,,,,,,,,,,,,,,,,
2559427125,"Jul 23, 2019, 4:36:57 PM",Afternoon Surf,Surfing,"",5362,7.01,,false,,activities/2716332344.fit.gz,81.0,,5362.0,4887.0,7010.60009765625,8.600000381469727,,40.334285736083984,969.0,-0.20000000298023224,44.0,1.7000000476837158,0.4307762384414673,,,,54.0,,102.0,,,373.0,,,,,,,,,,,,,,,,,,,,,,,,,,,,,,,,,,,,,,,,,,,,,
2562856497,"Jul 25, 2019, 7:05:46 PM",Testing out the new watch.,Run,"",1339,4.21,35,false,,activities/2719854946.fit.gz,81.0,,1339.0,1321.0,4210.10009765625,4.900000095367432,,50.0,11.0,7.400000095367432,64.19999694824219,22.600000381469727,0.9785990715026855,,,92.0,81.01171112060547,169.0,153.94796752929688,,,308.0,,,35.0,,,,,,,,,,,,,0.0,,,,,,,,,,,,,,,,,,,,,,,,,,,,,
2564544650,"Jul 26, 2019, 12:11:27 PM",Afternoon Walk,Walk,,3296,3.37,4,false,,activities/2721602183.fit.gz,,,3296.0,2243.0,3369.5,2.700000047683716,,32.0,38.0,25.799999237060547,59.0,17.299999237060547,-0.27303755283355713,,,121.0,60.3288688659668,130.0,87.0,,,288.0,,,4.0,,,,,,,,,,,,,,,,,,,,,,,,,,,,,,,,,,,,,,,,,,
2573709280,"Jul 29, 2019, 6:09:05 PM",Galway Bay Brewery running club - 5k,Run,"",1592,5.00,43,false,,activities/2731093235.fit.gz,81.0,,1592.0,1580.0,5002.2001953125,5.900000095367432,,35.0,34.0,12.199999809265137,45.400001525878906,13.0,-0.019991204142570496,,,88.0,82.07858276367188,169.0,154.0,,,372.0,,,43.0,,,,,,,,,,,,,,,,,,,,,,,,,,,,,,,,,,,,,,,,,,
2582573153,"Aug 1, 2019, 8:14:37 PM",Night Run,Run,"",1711,5.00,34,false,,activities/2740248693.fit.gz,81.0,,1711.0,1599.0,5006.60009765625,4.099999904632568,,2.0,4.0,-9.399999618530273,5.599999904632568,21.399999618530273,-0.21571525931358337,,,86.0,80.56167602539062,175.0,150.0,,,361.0,,,34.0,,,,,,,,,,,,,,,,,,,,,,,,,,,,,,,,,,,,,,,,,,
2582573236,"Aug 1, 2019, 8:51:18 PM",Night Swim - Salthill,Swim,"",553,591,4,false,,activities/2740248798.fit.gz,81.0,,553.0,553.0,590.5999755859375,2.0999999046325684,,23.200000762939453,142.0,-121.5999984741211,5.400000095367432,47.70000076293945,-21.503555297851562,,,65.0,39.20408248901367,151.0,124.49317932128906,,,90.0,,,4.0,,,,,,,,,,,,,,,,,,,,,,,,,,,,,,,,,,,,,,,,,,
2586025958,"Aug 3, 2019, 8:33:13 AM",Park Run #1 - Knocknacarra,Run,"",1501,5.00,53,false,,activities/2743835495.fit.gz,81.0,,1501.0,1497.0,4999.2998046875,4.900000095367432,,18.0,15.0,14.0,21.200000762939453,13.899999618530273,-0.03600504249334335,,,90.0,84.34269714355469,196.0,164.0,,,386.0,,,53.0,,,,,,,,,,,,,,,,,,,,,,,,,,,,,,,,,,,,,,,,,,
2587906523,"Aug 3, 2019, 6:09:37 PM",SUP - River Shannon,Stand Up Paddling,"",4545,3.89,10,false,,activities/2745775574.fit.gz,81.0,,4545.0,3890.0,3894.0,2.5,,8.800000190734863,10.0,9.600000381469727,23.0,35.5,-0.12840266525745392,,,79.0,53.64516067504883,125.0,101.70284271240234,,,361.0,,,10.0,,,,,,,,,,,,,,,,,,,,,,,,,,,,,,,,,,,,,,,,,,
2589885811,"Aug 4, 2019, 11:44:50 AM",Lunch Run,Run,"",1954,5.00,25,false,"",activities/2747710161.fit.gz,81.0,,1954.0,1651.0,5004.2998046875,4.699999809265137,,17.0,26.0,20.200000762939453,36.400001525878906,35.70000076293945,-0.0999140739440918,,,122.0,83.12570190429688,172.0,144.0,,,345.0,,,25.0,,,,,,,,,,,,,,,,,,,,,,,,,,,,,,,,4778236.0,,,,,,,,,,
2599890169,"Aug 7, 2019, 5:59:24 PM",Evening Run,Run,"",1836,5.40,35,false,"",activities/2758541977.fit.gz,81.0,,1836.0,1795.0,5407.10009765625,4.5,,32.0,33.0,39.79999923706055,72.19999694824219,9.300000190734863,-0.03328956291079521,,,94.0,81.11470031738281,182.0,147.0,,,392.0,,,35.0,,,,,,,,,,,,,,,,,,,,,,,,,,,,,,,,4778236.0,,,,,,,,,,
2613273766,"Aug 12, 2019, 5:19:26 PM",Evening Swim,Swim,"",2810,"1,600",3,false,,activities/2772493000.fit.gz,81.0,,2810.0,2022.0,1600.0,1.600000023841858,,,,,,0.0,0.0,,,,23.0,70.0,70.0,,,381.0,,,3.0,,,,,,,,,,,,,,,,,,,,,,,,,,,,,,,,,,,,,,,,,,
2623914320,"Aug 16, 2019, 12:27:14 PM",Afternoon Walk,Walk,,2979,3.59,6,false,"",activities/2783547454.fit.gz,,,2979.0,2689.0,3597.199951171875,2.700000047683716,,34.0,33.0,77.80000305175781,105.0,18.200000762939453,-0.016679638996720314,,,81.0,58.617408752441406,127.0,96.0,,,268.0,,,6.0,,,,,,,,,,,,,,,,,,,,,,,,,,,,,,,,4778236.0,,,,,,,,,,
2632183583,"Aug 19, 2019, 10:38:32 AM",Lunch Walk,Walk,,2231,3.12,4,false,"",activities/2792191507.fit.gz,,,2231.0,2190.0,3120.10009765625,2.700000047683716,,34.0,35.0,63.79999923706055,91.19999694824219,13.899999618530273,-0.37178295850753784,,,82.0,61.58333206176758,121.0,90.0,,,216.0,,,4.0,,,,,,,,,,,,,,,,,,,,,,,,,,,,,,,,4778236.0,,,,,,,,,,
2633482413,"Aug 19, 2019, 6:02:22 PM",Evening Swim,Swim,"",1879,"1,025",,false,,activities/2793542339.fit.gz,81.0,,1879.0,1266.0,1025.0,1.2000000476837158,,,,,,0.0,0.0,,,,23.0,,,,,247.0,,,,,,,,,,,,,,0.0,,,,,,,,,,,,,,,,,,,,,,,,,,,,,,,
2637386274,"Aug 21, 2019, 5:39:47 AM",Morning Run,Run,"",1550,4.43,17,false,"",activities/2797621018.fit.gz,81.0,,1550.0,1508.0,4432.7998046875,4.699999809265137,,42.0,40.0,43.79999923706055,85.4000015258789,31.700000762939453,0.42411115765571594,,,87.0,80.32795715332031,159.0,139.0,,,304.0,,,17.0,,,,,,,,,,,0.0,,,,,,,,,,,,,,,,,,,,,4778236.0,,,,,,,,,,
2647285802,"Aug 24, 2019, 2:43:02 PM",Afternoon Run,Run,,972,3.10,23,false,"",activities/2807910760.fit.gz,81.0,,972.0,972.0,3102.5,3.9000000953674316,,35.0,35.0,87.5999984741211,119.19999694824219,12.899999618530273,-0.02578565664589405,,,87.0,82.13693237304688,166.0,151.0,,,222.0,,,23.0,,,,,,,,,,,,,,,,,,,,,,,,,,,,,,,,4778236.0,,,,,,,,,,
2653676824,"Aug 26, 2019, 10:49:53 AM",Inis Oirr 1,Walk,"",6101,7.27,13,false,"",activities/2814590301.fit.gz,81.0,,6101.0,5705.0,7274.0,2.700000047683716,,75.0,70.0,-10.600000381469727,50.20000076293945,38.599998474121094,-0.6021445989608765,,,120.0,59.11753463745117,131.0,96.0,,,556.0,,,13.0,,,,,,,,,,,0.0,,,,,,,,,,,,,,,,,,,,,4778236.0,,,,,,,,,,
2653678112,"Aug 26, 2019, 1:33:55 PM",Inis Oirr 2,Walk,"",5719,4.43,12,false,"",activities/2814591597.fit.gz,81.0,,5719.0,4112.0,4431.7998046875,2.0999999046325684,,84.0,94.0,-3.0,52.599998474121094,31.600000381469727,-0.3023602068424225,,,76.0,55.40489196777344,141.0,107.0,,,515.0,,,12.0,,,,,,,,,,,0.0,,,,,,,,,,,,,,,,,,,,,4778236.0,,,,,,,,,,
2671554668,"Sep 1, 2019, 2:42:29 PM",Omey island walk,Walk,"",4631,6.02,10,false,"",activities/2833212670.fit.gz,81.0,,4631.0,4350.0,6019.60009765625,7.699999809265137,,63.0,63.0,69.0,96.0,47.099998474121094,-0.013289920054376125,,,119.0,60.32944869995117,134.0,96.0,,,426.0,,,10.0,,,,,,,,,,,0.0,,,,,,,,,,,,,,,,,,,,,4778236.0,,,,,,,,,,
2674495707,"Sep 2, 2019, 6:04:56 PM",GBBRC 5k,Run,"",1829,5.00,29,false,"",activities/2836274593.fit.gz,81.0,,1829.0,1746.0,5003.39990234375,4.199999809265137,,34.0,35.0,17.600000381469727,52.0,11.300000190734863,-0.019986409693956375,,,87.0,81.25489044189453,161.0,145.0,,,372.0,,,29.0,,,,,,,,,,,0.0,,,,,,,,,,,,,,,,,,,,,4778236.0,,,,,,,,,,
2682631326,"Sep 5, 2019, 10:43:38 AM",Lunch Walk,Walk,,1813,2.71,4,false,"",activities/2844664216.fit.gz,,,1813.0,1813.0,2711.199951171875,2.0,,36.0,32.0,22.600000381469727,50.20000076293945,16.799999237060547,0.08114487677812576,,,67.0,61.2582893371582,119.0,100.0,,,183.0,,,4.0,,,,,,,,,,,,,,,,,,,,,,,,,,,,,,,,4778236.0,,,,,,,,,,
2682631803,"Sep 5, 2019, 5:22:54 PM",Evening Run,Run,"",1317,4.02,22,false,"",activities/2844664671.fit.gz,81.0,,1317.0,1271.0,4022.699951171875,4.699999809265137,,21.0,21.0,5.800000190734863,21.0,22.799999237060547,-0.03977428004145622,,,85.0,80.83622741699219,161.0,145.0,,,283.0,,,22.0,,,,,,,,,,,0.0,,,,,,,,,,,,,,,,,,,,,4778236.0,,,,,,,,,,
2695785919,"Sep 9, 2019, 6:07:11 PM",GBBRC Monday run!,Run,Still only 5km. Doctor's orders. ,1635,5.09,23,false,"",activities/2858368855.fit.gz,81.0,,1635.0,1632.0,5094.5,4.900000095367432,,0.0,2.0,70.0,74.80000305175781,10.899999618530273,-0.02748061716556549,,,85.0,81.40361022949219,157.0,142.0,,,347.0,,,23.0,,,,,,,,,,,0.0,,0.0,,,,,,,,,,,,,,,,,,,4778236.0,,,,,,,,,,
2695785967,"Sep 9, 2019, 8:13:53 PM",Night Swim,Swim,,1029,54,0,false,,activities/2858368969.fit.gz,,,1029.0,101.0,54.0,3.5999999046325684,,,,,,0.0,0.0,,,,23.0,102.0,102.0,,,13.0,,,,,,,,,,,,,,,,0.0,,,,,,,,,,,,,,,,,,,,,,,,,,,,,
2715796979,"Sep 15, 2019, 2:00:13 PM",Afternoon Swim,Swim,,678,216,0,false,,activities/2879120333.fit.gz,,,678.0,221.0,216.0,1.399999976158142,,,,,,0.0,0.0,,,,23.0,80.0,80.0,,,48.0,,,,,,,,,,,,,,,,0.0,,,,,,,,,,,,,,,,,,,,,,,,,,,,,
2715797072,"Sep 16, 2019, 6:09:50 PM",GBBRC - 8km,Run,Easing up the distance. Steady pace. ,2562,7.87,50,false,"",activities/2879120576.fit.gz,81.0,,2562.0,2555.0,7878.0,4.300000190734863,,0.0,4.0,73.4000015258789,78.80000305175781,2.799999952316284,-0.05585173889994621,,,86.0,82.07047271728516,169.0,148.0,,,565.0,,,50.0,,,,,,,,,,,0.0,,0.0,,,,,,,,,,,,,,,,,,,4778236.0,,,,,,,,,,
2716131831,"Sep 17, 2019, 10:58:23 AM",Lunch Walk,Walk,,1900,2.76,4,false,"",activities/2879464156.fit.gz,,,1900.0,1868.0,2768.800048828125,2.200000047683716,,37.0,36.0,42.0,67.5999984741211,12.800000190734863,-0.20225368440151215,,,80.0,60.188228607177734,128.0,100.0,,,195.0,,,4.0,,,,,,,,,,,,,0.0,,,,,,,,,,,,,,,,,,,4778236.0,,,,,,,,,,
2732873281,"Sep 19, 2019, 12:55:03 PM",Afternoon Walk,Walk,,2064,2.89,5,false,"",activities/2896845967.fit.gz,,,2064.0,2045.0,2889.0,2.799999952316284,,35.0,31.0,28.799999237060547,55.599998474121094,26.399999618530273,-0.46382832527160645,,,81.0,58.53756332397461,137.0,103.0,,,209.0,,,5.0,,,,,,,,,,,,,0.0,,,,,,,,,,,,,,,,,,,4778236.0,,,,,,,,,,
2732873486,"Sep 20, 2019, 12:53:17 PM",Afternoon Walk,Walk,,3583,4.02,6,false,"",activities/2896846190.fit.gz,,,3583.0,2702.0,4026.0,2.9000000953674316,,41.0,32.0,28.0,58.79999923706055,27.299999237060547,0.1043219044804573,,,82.0,61.012054443359375,119.0,99.0,,,338.0,,,6.0,,,,,,,,,,,,,0.0,,,,,,,,,,,,,,,,,,,4778236.0,,,,,,,,,,
2732873665,"Sep 21, 2019, 3:18:27 PM",Afternoon Run,Run,,695,2.25,13,false,"",activities/2896846295.fit.gz,81.0,,695.0,681.0,2258.800048828125,4.699999809265137,,13.0,22.0,45.79999923706055,86.4000015258789,26.600000381469727,-1.6203293800354004,,,86.0,81.0855484008789,159.0,147.0,,,156.0,,,13.0,,,,,,,,,,,,,0.0,,,,,,,,,,,,,,,,,,,4778236.0,,,,,,,,,,
2732874117,"Sep 22, 2019, 2:03:56 PM",Afternoon Walk,Walk,,5455,7.00,12,false,"",activities/2896846772.fit.gz,,,5455.0,5352.0,7007.2998046875,2.700000047683716,,15.0,73.0,-22.399999618530273,50.79999923706055,8.800000190734863,-1.0274999141693115,,,69.0,59.28250503540039,120.0,95.0,,,451.0,,,12.0,,,,,,,,,,,,,0.0,,,,,,,,,,,,,,,,,,,4778236.0,,,,,,,,,,
2732874238,"Sep 23, 2019, 7:06:32 AM",Morning Walk,Walk,,841,1.24,1,false,"",activities/2896846874.fit.gz,,,841.0,841.0,1243.699951171875,2.799999952316284,,11.0,24.0,24.600000381469727,64.80000305175781,21.399999618530273,1.2382407188415527,,,67.0,62.75225830078125,112.0,94.0,,,77.0,,,1.0,,,,,,,,,,,,,0.0,,,,,,,,,,,,,,,,,,,4778236.0,,,,,,,,,,
2733384195,"Sep 23, 2019, 12:27:01 PM",Afternoon Walk,Walk,,3608,4.96,8,false,"",activities/2897373131.fit.gz,,,3608.0,3518.0,4960.60009765625,2.5,,43.0,34.0,29.799999237060547,58.599998474121094,35.29999923706055,0.04434947296977043,,,92.0,60.935279846191406,120.0,98.0,,,295.0,,,8.0,,,,,,,,,,,,,0.0,,,,,,,,,,,,,,,,,,,4778236.0,,,,,,,,,,
2736162077,"Sep 24, 2019, 12:05:33 PM",Afternoon Walk,Walk,,3293,3.14,6,false,"",activities/2900232002.fit.gz,,,3293.0,2320.0,3146.199951171875,2.4000000953674316,,39.0,34.0,25.0,50.599998474121094,35.599998474121094,-0.12713749706745148,,,113.0,57.83473587036133,136.0,101.0,,,295.0,,,6.0,,,,,,,,,,,,,0.0,,,,,,,,,,,,,,,,,,,4778236.0,,,,,,,,,,
2738730575,"Sep 25, 2019, 12:46:43 PM",Afternoon Walk,Walk,,3360,3.87,7,false,"",activities/2902887497.fit.gz,,,3360.0,3092.0,3877.39990234375,4.099999904632568,,41.0,31.0,26.399999618530273,59.400001525878906,30.0,0.1856914460659027,,,67.0,59.12199401855469,114.0,95.0,,,291.0,,,7.0,,,,,,,,,,,,,0.0,,,,,,,,,,,,,,,,,,,4778236.0,,,,,,,,,,
2739412686,"Sep 25, 2019, 5:52:16 PM",Evening Walk,Walk,,757,1.10,1,false,"",activities/2903580202.fit.gz,,,757.0,757.0,1107.5,2.200000047683716,,20.0,2.0,52.0,73.4000015258789,17.899999618530273,1.6072235107421875,,,73.0,64.3901596069336,117.0,102.0,,,86.0,,,1.0,,,,,,,,,,,,,0.0,,,,,,,,,,,,,,,,,,,4778236.0,,,,,,,,,,
2740643484,"Sep 25, 2019, 6:40:14 PM",Evening Run,Run,,635,1.96,10,false,"",activities/2904872789.fit.gz,81.0,,635.0,635.0,1963.9000244140625,4.0,,8.0,40.0,11.399999618530273,71.4000015258789,31.100000381469727,-2.912571907043457,,,87.0,81.55877685546875,162.0,145.0,,,139.0,,,10.0,,,,,,,,,,,,,0.0,,,,,,,,,,,,,,,,,,,4778236.0,,,,,,,,,,
2743885461,"Sep 26, 2019, 11:22:25 AM",Lunch Walk,Walk,,2525,2.43,3,false,"",activities/2908224812.fit.gz,,,2525.0,1524.0,2432.60009765625,3.5,,25.0,9.0,26.600000381469727,59.400001525878906,49.599998474121094,0.9619337320327759,,,80.0,63.936710357666016,119.0,88.0,,,190.0,,,3.0,,,,,,,,,,,,,0.0,,,,,,,,,,,,,,,,,,,4778236.0,,,,,,,,,,
2776145734,"Oct 9, 2019, 6:02:38 PM",Evening Activity,Weight Training,,496,0,1,false,,activities/2941828248.fit.gz,,,496.0,496.0,,0.0,,,,,,0.0,0.0,,,,,117.0,97.0,,,46.0,,,1.0,,,,,,,,,,,,,0.0,,,,,,,,,,,,,,,,,,,,,,,,,,,,,
2776145866,"Oct 9, 2019, 6:11:16 PM",Evening Activity,Weight Training,,660,0,1,false,,activities/2941828374.fit.gz,,,660.0,660.0,,0.0,,,,,,0.0,0.0,,,,,124.0,91.0,,,45.0,,,1.0,,,,,,,,,,,,,0.0,,,,,,,,,,,,,,,,,,,,,,,,,,,,,
2776145963,"Oct 9, 2019, 6:23:55 PM",Evening Activity,Weight Training,,273,0,0,false,,activities/2941828464.fit.gz,,,273.0,273.0,,0.0,,,,,,0.0,0.0,,,,,103.0,86.0,,,17.0,,,,,,,,,,,,,,,,0.0,,,,,,,,,,,,,,,,,,,,,,,,,,,,,
2776146098,"Oct 9, 2019, 6:31:26 PM",Evening Activity,Weight Training,,533,0,0,false,,activities/2941828596.fit.gz,,,533.0,533.0,,0.0,,,,,,0.0,0.0,,,,,98.0,86.0,,,35.0,,,,,,,,,,,,,,,,0.0,,,,,,,,,,,,,,,,,,,,,,,,,,,,,
2776146247,"Oct 9, 2019, 6:40:41 PM",Evening Activity,Weight Training,,515,0,0,false,,activities/2941828736.fit.gz,,,515.0,515.0,,0.0,,,,,,0.0,0.0,,,,,93.0,83.0,,,27.0,,,,,,,,,,,,,,,,0.0,,,,,,,,,,,,,,,,,,,,,,,,,,,,,
2777690162,"Oct 10, 2019, 12:11:22 PM",Lunch Break Swim,Swim,"",1447,800,,false,,activities/2943449232.fit.gz,81.0,,1447.0,1004.0,800.0,1.100000023841858,,,,,,0.0,0.0,,,,23.0,,,,,192.0,,,,,,,,,3.0,,,,,0.0,8.0,0.0,,,,,,,,,,,,,,,,,,,,,,,,,,,,,
2782861217,"Oct 12, 2019, 1:05:40 PM",Afternoon Activity,Weight Training,,977,0,1,false,,activities/2948910417.fit.gz,,,977.0,977.0,,0.0,,,,,,0.0,0.0,,,,,86.0,71.0,,,37.0,,,1.0,,,,,,,,,,,,,0.0,,,,,,,,,,,,,,,,,,,,,,,,,,,,,
2782861533,"Oct 12, 2019, 1:22:16 PM",Afternoon Activity,Weight Training,,379,0,0,false,,activities/2948910762.fit.gz,,,379.0,379.0,,0.0,,,,,,0.0,0.0,,,,,75.0,68.0,,,10.0,,,,,,,,,,,,,,,,0.0,,,,,,,,,,,,,,,,,,,,,,,,,,,,,
2786394382,"Oct 13, 2019, 2:18:58 PM",Cliffs of Moher walk,Walk,"",9813,10.90,18,false,"",activities/2952669818.fit.gz,81.0,,9813.0,8285.0,10908.900390625,2.0,,209.0,225.0,99.4000015258789,214.8000030517578,40.0,-0.183336541056633,,,124.0,57.78201675415039,128.0,95.0,,,791.0,,,18.0,,,,,,3.0,,,,,0.0,69.0,0.0,,,,,,,,,,,,,,,,,,,4778236.0,,,,,,,,,,
2794008877,"Oct 16, 2019, 5:44:19 PM",Evening Run,Run,It was windy! ,2057,6.02,43,false,"",activities/2960767445.fit.gz,81.0,,2057.0,1933.0,6024.7998046875,4.0,,20.0,22.0,60.0,71.5999984741211,34.0,-0.006639224477112293,,,86.0,80.33160400390625,173.0,150.0,,,437.0,,,43.0,,,,,,6.0,,,,,0.0,51.0,0.0,,,,,,,,,,,,,,,,,,,4778236.0,,,,,,,,,,
2795798493,"Oct 17, 2019, 1:11:05 PM",Afternoon Walk,Walk,,1304,1.87,2,false,"",activities/2962674041.fit.gz,,,1304.0,1277.0,1877.4000244140625,3.0,,9.0,9.0,-1.0,82.19999694824219,15.5,-3.8563971519470215,,,98.0,61.220184326171875,117.0,96.0,,,121.0,,,2.0,,,,,,,,,,,,,0.0,,,,,,,,,,,,,,,,,,,4778236.0,,,,,,,,,,
2806498066,"Oct 21, 2019, 5:54:43 PM",Evening Run,Run,"",2016,5.35,39,false,"",activities/2974111709.fit.gz,81.0,,2016.0,1939.0,5349.10009765625,5.099999904632568,,5.0,4.0,-73.5999984741211,-65.0,13.800000190734863,-0.09347366541624069,,,85.0,79.7865219116211,166.0,149.0,,,431.0,,,39.0,,,,,,,,,,,0.0,,0.0,,,,,,,,,,,,,,,,,,,4778236.0,,,,,,,,,,
2821182392,"Oct 27, 2019, 11:05:51 AM",Giants causeway walk!,Walk,"",5523,4.52,9,false,"",activities/2989912735.fit.gz,81.0,,5523.0,4109.0,4520.7998046875,2.0999999046325684,,129.0,123.0,-50.400001525878906,91.19999694824219,50.0,1.7784463167190552,,,120.0,55.41703796386719,119.0,93.0,,,437.0,,,9.0,,,,,,3.0,,,,,0.0,34.0,0.0,,,,,,,,,,,,,,,,,,,4778236.0,,,,,,,,,,
2821331200,"Oct 27, 2019, 1:50:27 PM",Afternoon Walk,Walk,,2231,3.00,5,false,"",activities/2990068896.fit.gz,,,2231.0,2045.0,3005.89990234375,6.599999904632568,,99.0,95.0,21.200000762939453,62.0,48.0,0.6187830567359924,,,121.0,59.620418548583984,141.0,102.0,,,233.0,,,5.0,,,,,,,,,,,,,0.0,,,,,,,,,,,,,,,,,,,4778236.0,,,,,,,,,,
2835659715,"Nov 2, 2019, 2:27:46 PM",Afternoon Run,Run,"",2264,6.01,32,false,"",activities/3005743063.fit.gz,81.0,,2264.0,2121.0,6010.2001953125,3.700000047683716,,11.0,7.0,-6.0,99.80000305175781,25.5,-1.6538550853729248,,,87.0,79.927734375,172.0,144.0,,,433.0,,,32.0,,,,,,,,,,,0.0,,0.0,,,,,,,,,,,,,,,,,,,4778236.0,,,,,,,,,,
2842239530,"Nov 4, 2019, 7:16:13 PM",Evening Run,Run,"",2882,6.05,62,false,"",activities/3013131067.fit.gz,81.0,,2882.0,2188.0,6050.7001953125,3.9000000953674316,,0.0,10.0,-67.0,-54.400001525878906,6.199999809265137,-0.17518633604049683,,,88.0,82.6150894165039,185.0,156.0,,,514.0,,,62.0,,,,,,,,,,,0.0,,0.0,,,,,,,,,,,,,,,,,,,4778236.0,,,,,,,,,,
2845350714,"Nov 5, 2019, 11:50:16 AM",Lunch Walk,Walk,,2348,3.68,5,false,"",activities/3016561782.fit.gz,,,2348.0,2348.0,3685.300048828125,8.399999618530273,,35.0,32.0,-53.400001525878906,-26.600000381469727,19.700000762939453,-0.4015955328941345,,,85.0,62.64874267578125,116.0,94.0,,,229.0,,,5.0,,,,,,,,,,,,,0.0,,,,,,,,,,,,,,,,,,,4778236.0,,,,,,,,,,
2845350888,"Nov 6, 2019, 1:08:20 PM",Afternoon Swim,Swim,"",1372,800,3,false,,activities/3016561964.fit.gz,81.0,,1372.0,947.0,800.0,1.100000023841858,,,,,,0.0,0.0,,,,24.0,98.0,98.0,,,194.0,,,3.0,,,,,,,,,,,0.0,,0.0,,,,,,,,,,,,,,,,,,,,,,,,,,,,,
2851911560,"Nov 7, 2019, 2:28:19 PM",Afternoon Walk,Walk,,1499,2.33,3,false,"",activities/3024286456.fit.gz,,,1499.0,1499.0,2335.300048828125,10.300000190734863,,30.0,35.0,-46.599998474121094,-16.799999237060547,20.799999237060547,-0.0942063108086586,,,117.0,59.25477600097656,120.0,97.0,,,146.0,,,3.0,,,,,,,,,,,,,0.0,,,,,,,,,,,,,,,,,,,4778236.0,,,,,,,,,,
2851911777,"Nov 7, 2019, 5:44:26 PM",Afternoon Walk,Walk,,867,1.28,1,false,"",activities/3024286629.fit.gz,,,867.0,851.0,1288.300048828125,11.0,,17.0,11.0,-39.79999923706055,141.39999389648438,43.0,13.009391784667969,,,68.0,61.72602844238281,125.0,94.0,,,83.0,,,1.0,,,,,,,,,,,,,0.0,,,,,,,,,,,,,,,,,,,4778236.0,,,,,,,,,,
2852792450,"Nov 9, 2019, 12:05:31 PM",Lunch Run,Run,,1867,5.02,42,false,"",activities/3025213970.fit.gz,81.0,,1867.0,1824.0,5026.2998046875,4.599999904632568,,41.0,46.0,40.400001525878906,81.5999984741211,22.200000762939453,-0.3143465518951416,,,88.0,80.12345123291016,180.0,152.0,,,412.0,,,42.0,,,,,,,,,,,,,0.0,,,,,,,,,,,,,,,,,,,4778236.0,,,,,,,,,,
2862530993,"Nov 12, 2019, 2:23:08 PM",Afternoon Walk,Walk,,1874,2.76,3,false,"",activities/3036547071.fit.gz,,,1874.0,1786.0,2760.800048828125,2.5,,37.0,34.0,44.0,70.5999984741211,28.799999237060547,-0.3549695611000061,,,81.0,62.102054595947266,124.0,90.0,,,188.0,,,3.0,,,,,,,,,,,,,0.0,,,,,,,,,,,,,,,,,,,4778236.0,,,,,,,,,,
2862531089,"Nov 12, 2019, 9:54:30 PM",Night Walk,Walk,,157,0.22,0,false,"",activities/3036547174.fit.gz,,,157.0,157.0,226.10000610351562,1.7999999523162842,,0.0,0.0,-38.400001525878906,-38.400001525878906,0.0,0.0,,,63.0,60.9664421081543,98.0,91.0,,,13.0,,,,,,,,,,,,,,,,0.0,,,,,,,,,,,,,,,,,,,4778236.0,,,,,,,,,,
2864385246,"Nov 14, 2019, 1:39:44 PM",Afternoon Walk,Walk,,2513,3.56,5,false,"",activities/3038778167.fit.gz,,,2513.0,2456.0,3567.60009765625,3.0999999046325684,,41.0,45.0,37.0,151.0,27.299999237060547,-3.1617894172668457,,,66.0,60.79665756225586,120.0,93.0,,,246.0,,,5.0,,,,,,,,,,,,,0.0,,,,,,,,,,,,,,,,,,,4778236.0,,,,,,,,,,
2865860807,"Nov 14, 2019, 7:02:21 PM",Evening Run,Run,,1399,2.32,11,false,"",activities/3040535763.fit.gz,81.0,,1399.0,1399.0,2319.39990234375,3.299999952316284,,,,,,0.0,0.0,,,84.0,75.1687240600586,166.0,131.0,,,251.0,,,11.0,,,,,,,,,,,,,0.0,,,,,,,,,,,,,,,,,,,4778236.0,,,,,,,,,,
2865860866,"Nov 14, 2019, 7:32:43 PM",Evening Swim,Swim,,874,504,,false,,activities/3040535863.fit.gz,,,874.0,532.0,504.0,1.2999999523162842,,,,,,0.0,0.0,,,,23.0,,,,,116.0,,,,,,,,,,,,,,,,0.0,,,,,,,,,,,,,,,,,,,,,,,,,,,,,
2872466793,"Nov 17, 2019, 5:45:21 PM",Afternoon Run,Run,"",3866,10.01,95,false,"",activities/3048483411.fit.gz,81.0,,3866.0,3436.0,10009.2001953125,4.0,2.9130001068115234,16.0,12.0,-2.5999999046325684,9.399999618530273,10.399999618530273,0.023977940902113914,,,91.0,84.1318588256836,187.0,155.0,,,791.0,,,95.0,,,,,,,,,,,0.0,,0.0,,,,,,,,,,,,,,,,,,,4778236.0,,,,,,,,,,
2875367915,"Nov 18, 2019, 1:14:08 PM",Afternoon Walk,Walk,,3014,4.27,8,false,"",activities/3052012006.fit.gz,,,3014.0,3014.0,4269.7998046875,2.0,1.4170000553131104,43.0,41.0,37.400001525878906,65.19999694824219,40.70000076293945,0.05152466148138046,,,70.0,60.03237533569336,126.0,107.0,,,285.0,,,8.0,,,,,,,,,,,,,0.0,,,,,,,,,,,,,,,,,,,4778236.0,,,,,,,,,,
2876121942,"Nov 19, 2019, 1:24:15 PM",Afternoon Run,Run,,886,1.98,,false,"",activities/2876121942.gpx,81.0,,886.0,878.0,1981.0999755859375,21.5,2.256378173828125,9.604762077331543,,49.29999923706055,57.79999923706055,5.5,0.20190803706645966,,,,,,,,,199.3248291015625,,,,,,,,,,,,,,0.0,,0.0,,,,,,,,,,,,,,,,,,,4778236.0,,,,,,,,,,
2880991180,"Nov 21, 2019, 1:45:33 PM",Afternoon Run,Run,"",1558,4.57,39,false,"",activities/3058928620.fit.gz,81.0,,1558.0,1549.0,4572.2998046875,4.099999904632568,2.934999942779541,41.0,39.0,55.0,92.4000015258789,12.399999618530273,0.039367496967315674,,,88.0,81.3295669555664,178.0,153.0,,,358.0,,,39.0,,,,,,,,,,,0.0,,0.0,,,,,,,,,,,,,,,,,,,4778236.0,,,,,,,,,,
2888747698,"Nov 21, 2019, 11:52:16 PM",Night Walk,Walk,,1095,1.41,3,false,"",activities/3068820462.fit.gz,,,1095.0,1044.0,1410.300048828125,2.299999952316284,1.2879999876022339,16.0,2.0,-22.200000762939453,-4.599999904632568,48.0,1.233780026435852,,,70.0,62.09466552734375,125.0,109.0,,,113.0,,,3.0,,,,,,,,,,,,,0.0,,,,,,,,,,,,,,,,,,,4778236.0,,,,,,,,,,
2888748025,"Nov 24, 2019, 11:44:44 AM",Lunch Run,Run,"",1707,5.01,43,false,"",activities/3068820838.fit.gz,81.0,,1707.0,1536.0,5014.39990234375,4.300000190734863,2.937999963760376,6.0,56.0,3.4000000953674316,58.20000076293945,40.79999923706055,-0.5065411329269409,,,88.0,83.93328857421875,183.0,154.0,,,403.0,,,43.0,,,,,,,,,,,0.0,,0.0,,,,,,,,,,,,,,,,,,,4778236.0,,,,,,,,,,
2888749177,"Nov 24, 2019, 2:39:31 PM",Diamond Hill walk,Walk,"",6803,6.77,22,false,"",activities/3068822269.fit.gz,81.0,,6803.0,6339.0,6775.89990234375,5.5,0.9959999918937683,431.0,417.0,49.599998474121094,453.20001220703125,49.599998474121094,-0.2833572030067444,,,122.0,58.21168518066406,165.0,110.0,,,742.0,,,22.0,,,,,,3.0,,,,,0.0,52.0,0.0,,,,,,,,,,,,,,,,,,,4778236.0,,,,,,,,,,
2891397970,"Nov 25, 2019, 7:06:43 PM",GBBRC - Monday run!,Run,"",3440,9.63,95,false,"",activities/3072263355.fit.gz,81.0,,3440.0,3397.0,9633.0,4.199999809265137,2.8010001182556152,42.0,39.0,7.599999904632568,44.79999923706055,20.0,0.02491435781121254,,,88.0,81.0687484741211,178.0,155.0,,,795.0,,,95.0,,,,,,,,,,,0.0,,0.0,,,,,,,,,,,,,,,,,,,4778236.0,,,,,,,,,,
2905843982,"Nov 29, 2019, 7:36:11 PM",Evening Walk,Walk,,618,0.75,1,false,"",activities/3090024246.fit.gz,,,618.0,594.0,753.5,1.899999976158142,1.2209999561309814,0.0,2.0,17.0,22.799999237060547,27.799999237060547,0.7697412371635437,,,67.0,59.45358657836914,102.0,87.0,,,51.0,,,1.0,,,,,,,,,,,,,0.0,,,,,,,,,,,,,,,,,,,4778236.0,,,,,,,,,,
2905844047,"Nov 30, 2019, 1:41:20 PM",Afternoon Walk,Walk,,612,0.67,1,false,"",activities/3090024317.fit.gz,,,612.0,612.0,671.5999755859375,3.0,1.0959999561309814,0.0,0.0,-10.399999618530273,10.600000381469727,0.0,3.126861333847046,,,64.0,58.45991516113281,96.0,82.0,,,40.0,,,1.0,,,,,,,,,,,,,0.0,,,,,,,,,,,,,,,,,,,4778236.0,,,,,,,,,,
2922191264,"Dec 9, 2019, 2:06:44 PM",Afternoon Walk,Walk,,3597,4.53,8,false,"",activities/3109302896.fit.gz,,,3597.0,3289.0,4529.2001953125,2.0999999046325684,1.2589999437332153,51.0,50.0,220.8000030517578,249.8000030517578,27.299999237060547,0.03532632812857628,,,86.0,60.52614974975586,136.0,102.0,,,347.0,,,8.0,,,,,,,,,,,,,0.0,,,,,,,,,,,,,,,,,,,4778236.0,,,,,,,,,,
2923296342,"Dec 9, 2019, 7:20:08 PM",Evening Run,Run,,1302,3.60,15,false,"",activities/3110594754.fit.gz,81.0,,1302.0,1228.0,3606.300048828125,4.699999809265137,2.7690000534057617,9.0,4.0,-6.400000095367432,197.0,15.600000381469727,-5.534758567810059,,,89.0,78.4747085571289,167.0,140.0,,,269.0,,,15.0,,,,,,,,,,,,,0.0,,1.0,,,,,,,,,,,,,,,,,4778236.0,,,,,,,,,,
2926253926,"Dec 11, 2019, 1:58:18 PM",Afternoon Swim,Swim,"",1861,"1,000",,false,,activities/3114051981.fit.gz,81.0,,1861.0,1232.0,1000.0,1.100000023841858,0.8119999766349792,,,,,0.0,0.0,,,,24.0,,,,,236.0,,,,,,,,,5.0,,,,,0.0,22.0,0.0,,1.0,,,,,,,,,,,,,,,,,,,,,,,,,,,
2954287759,"Dec 16, 2019, 1:53:57 PM",Afternoon Walk,Walk,,3006,4.05,6,false,"",activities/3146377579.fit.gz,,,3006.0,2800.0,4049.89990234375,12.0,1.3480000495910645,36.0,37.0,33.599998474121094,62.20000076293945,41.70000076293945,-0.19753573834896088,,,124.0,60.95331954956055,130.0,93.0,,,270.0,,,6.0,,,,,,,,,,,,,0.0,,1.0,,,,,,,,,,,,,,,,,4778236.0,,,,,,,,,,
2954288056,"Dec 24, 2019, 2:38:38 PM",Afternoon Run,Run,"",1865,4.74,25,false,"",activities/3146377817.fit.gz,81.0,,1865.0,1816.0,4746.0,5.300000190734863,2.546999931335449,41.0,51.0,-3.200000047683716,112.0,10.800000190734863,0.0,,,88.0,76.90178680419922,158.0,139.0,,,354.0,,,25.0,,,,,,,,,,,,,0.0,,1.0,4806.2001953125,,,,,,,,,,,,,,,,4778236.0,,,,,,,,,,
2973594136,"Dec 26, 2019, 10:32:53 AM",Morning Walk,Walk,"",6402,7.91,10,false,"",activities/3168524641.fit.gz,81.0,,6402.0,5743.0,7918.7001953125,3.0999999046325684,1.2369999885559082,491.0,16.0,207.0,683.2000122070312,37.29999923706055,6.013613224029541,,,97.0,54.581268310546875,118.0,84.0,,,548.0,,,10.0,,,,,,,,,,,0.0,,0.0,,1.0,,,,,,,,,,,,,,,,,4778236.0,,,,,,,,,,
2973595293,"Jan 1, 2020, 2:05:34 PM",Moylussa New Year's Day hike,Walk,"",9125,9.35,14,false,"",activities/3168525910.fit.gz,81.0,,9125.0,7653.0,9350.7001953125,2.299999952316284,1.024999976158142,445.0,466.0,51.400001525878906,554.5999755859375,48.900001525878906,0.4769696295261383,,,107.0,56.0341911315918,137.0,88.0,,,672.0,,,14.0,,,,,,,,,,,0.0,,0.0,,1.0,,,,,,,,,,,,,,,,,4778236.0,,,,,,,,,,
2998319334,"Jan 10, 2020, 11:50:39 AM",Lunch Walk,Walk,"",974,1.42,,false,"",activities/2998319334.gpx,81.0,,974.0,883.0,1420.4000244140625,2.4000000953674316,1.6086070537567139,24.0,,38.70000076293945,63.70000076293945,11.5,0.915235161781311,,,,,,,,,141.36257934570312,,,,,,,,,,,,,,0.0,,0.0,,1.0,,,,,,,,,,,,,,,,,4778236.0,,,,,,,,,,
2999760825,"Jan 7, 2020, 7:54:34 PM",Evening Run - Treadmill,Run,"",2213,3.88,20,false,"",activities/3198078706.fit.gz,81.0,,2213.0,2213.0,3882.60009765625,3.0,2.259999990463257,,,,,0.0,0.0,,,82.0,74.8632583618164,163.0,135.0,,,403.0,,,20.0,,,,,,,,,,,,,0.0,,1.0,,,,,,,,,,,,,,,,,4778236.0,,,,,,,,,,
2999761099,"Jan 10, 2020, 7:49:27 PM",Evening Run - Treadmill,Run,"",2261,5.62,46,false,"",activities/3198078897.fit.gz,81.0,,2261.0,2261.0,5619.5,3.799999952316284,2.484999895095825,,,,,0.0,0.0,,,84.0,76.71133422851562,182.0,148.0,,,481.0,,,46.0,,,,,,,,,,,,,0.0,,1.0,,,,,,,,,,,,,,,,,4778236.0,,,,,,,,,,
2999761418,"Jan 10, 2020, 8:34:59 PM",Evening Swim,Swim,"",1199,792,,false,,activities/3198079118.fit.gz,81.0,,1199.0,840.0,792.0,1.399999976158142,0.9629999995231628,,,,,0.0,0.0,,,,22.0,,,,,187.0,,,,,,,,,,,,,,,,0.0,,1.0,,,,,,,,,,,,,,,,,,,,,,,,,,,
3005548961,"Jan 12, 2020, 12:42:31 PM",Galway Bay Brewery 10k,Run,"",3186,10.00,86,false,"",activities/3204501555.fit.gz,81.0,,3186.0,3186.0,10000.5,4.199999809265137,3.1389999389648438,8.0,4.0,7.800000190734863,14.399999618530273,16.200000762939453,0.02599870041012764,,,90.0,83.97732543945312,171.0,155.0,,,753.0,,,86.0,,,,,,6.0,,,,,0.0,84.0,0.0,,1.0,10046.0,,,,,,,,,,,,,,,,4778236.0,,,,,,,,,,
3011814411,"Jan 14, 2020, 3:00:44 PM",Treadmill run,Run,"",2034,5.10,,false,"",,81.0,,2034.0,2034.0,5100.0,,2.5073745250701904,,,,,,0.0,,,,,,,,,507.56768798828125,,,,,,,,,4.0,,,,,0.0,22.0,0.0,,0.0,,,,,,,,,,,,,,,,,4778236.0,,,,,,,,,,
3018717083,"Jan 16, 2020, 1:30:18 PM",Afternoon Walk,Walk,,1808,2.58,4,false,"",activities/3219271724.fit.gz,,,1808.0,1793.0,2583.60009765625,2.200000047683716,1.4290000200271606,27.0,34.0,28.600000381469727,57.400001525878906,27.100000381469727,-0.2786809206008911,,,65.0,60.11330795288086,109.0,97.0,,,170.0,,,4.0,,,,,,,,,,,,,0.0,,1.0,,,,,,,,,,,,,,,,,4778236.0,,,,,,,,,,
3032148154,"Jan 21, 2020, 7:20:07 PM",Evening - X Fit,Workout,"",2540,0,8,false,,activities/3234280414.fit.gz,81.0,,2540.0,2540.0,,0.0,0.0,,0.0,-90.19999694824219,-86.0,0.0,0.0,,,,,162.0,104.0,,,285.0,,,8.0,,,,,,,,,,,0.0,,0.0,,1.0,,,,,,,,,,,,,,,,,,,,,,,,,,,
3034444370,"Jan 22, 2020, 6:34:47 PM",Evening Run,Run,,2503,6.02,47,false,"",activities/3236846496.fit.gz,81.0,,2503.0,2219.0,6026.5,4.400000095367432,2.7149999141693115,9.0,9.0,-103.80000305175781,15.0,8.5,1.8285903930664062,,,87.0,82.68097686767578,162.0,149.0,,,503.0,,,47.0,,,,,,,,,,,,,0.0,,1.0,6062.2001953125,,,,,,,,,,,,,,,,4778236.0,,,,,,,,,,
3040079111,"Jan 24, 2020, 7:59:33 PM",Evening Run,Run,,1749,5.06,41,false,"",activities/3243132046.fit.gz,81.0,,1749.0,1725.0,5062.10009765625,4.0,2.934000015258789,44.0,43.0,6.400000095367432,51.400001525878906,21.200000762939453,-0.6558542847633362,,,89.0,84.5291976928711,167.0,151.0,,,405.0,,,41.0,,,,,,,,,,,,,0.0,,1.0,5138.7001953125,,,,,,,,,,,,,,,,4778236.0,,,,,,,,,,
3040079238,"Jan 24, 2020, 8:38:17 PM",Evening Swim,Swim,,764,522,,false,,activities/3243132225.fit.gz,,,764.0,548.0,522.0,1.399999976158142,0.953000009059906,,,,,0.0,0.0,,,,22.0,,,,,117.0,,,,,,,,,,,,,,,,0.0,,1.0,,,,,,,,,,,,,,,,,,,,,,,,,,,
3045680314,"Jan 26, 2020, 9:57:04 AM",Moylussa,Hike,"",9333,9.60,18,false,"",activities/3249359292.fit.gz,81.0,,9333.0,8343.0,9601.7998046875,3.4000000953674316,1.0290000438690186,469.79998779296875,478.0,100.0,569.7999877929688,48.900001525878906,-0.1520548164844513,,,113.0,54.65439224243164,138.0,92.30382537841797,,,907.0,,,18.0,,,,,,3.0,,,,,0.0,69.0,0.0,,1.0,,,,,,,,,,,,,,,,,4778236.0,,,,,,,,,,
3055749900,"Jan 29, 2020, 1:41:14 PM",Afternoon Walk,Walk,,1981,2.78,5,false,"",activities/3260814332.fit.gz,,,1981.0,1907.0,2786.39990234375,2.0,1.4079999923706055,34.0,35.0,29.399999618530273,90.5999984741211,31.700000762939453,-2.1102497577667236,,,80.0,60.67546463012695,133.0,106.0,,,213.0,,,5.0,,,,,,,,,,,,,0.0,,1.0,,,,,,,,,,,,,,,,,4778236.0,,,,,,,,,,
3057518407,"Jan 30, 2020, 7:18:56 PM",Evening Run,Run,,3845,10.01,83,false,"",activities/3262815459.fit.gz,81.0,,3845.0,3533.0,10014.7998046875,4.699999809265137,2.8340001106262207,48.0,44.0,-5.800000190734863,29.0,18.100000381469727,0.03195270895957947,,,88.0,83.58220672607422,190.0,152.0,,,821.0,,,83.0,,,,,,,,,,,,,0.0,,1.0,10117.7001953125,,,,,,,,,,,,,,,,4778236.0,,,,,,,,,,
3065525153,"Feb 2, 2020, 2:13:20 PM",Afternoon Swim - Freezebury day 2,Swim,"",1316,126,,false,,activities/3271799438.fit.gz,81.0,,1316.0,162.0,126.0,1.399999976158142,0.7749999761581421,,,,,0.0,0.0,,,,25.0,,,,,37.0,,,,,,,,,,,,,,0.0,,0.0,,1.0,,,,,,,,,,,,,,,,,,,,,,,,,,,
3068719952,"Feb 3, 2020, 5:19:23 PM",Afternoon Swim - Freezebury day 3,Swim,"",3426,144,,false,,activities/3275414728.fit.gz,81.0,,3426.0,181.0,144.0,1.2999999523162842,0.7940000295639038,,,,,0.0,0.0,,,,24.0,,,,,45.0,,,,,,,,,4.0,,,,,0.0,2.0,0.0,,1.0,,,,,,,,,,,,,,,,,,,,,,,,,,,
3072343501,"Feb 4, 2020, 11:42:09 AM",Lunch Run,Run,,1799,5.39,28,false,"",activities/3279421138.fit.gz,81.0,,1799.0,1713.0,5398.0,4.300000190734863,3.1519999504089355,39.0,34.0,4.800000190734863,45.0,39.79999923706055,0.10744719952344894,,,88.0,84.73908233642578,160.0,144.0,,,378.0,,,28.0,,,,,,,,,,,,,0.0,,1.0,5492.5,,,,,,,,,,,,,,,,4778236.0,,,,,,,,,,
3072343546,"Feb 4, 2020, 12:20:14 PM",Lunch Swim - Freezbrury day 4,Swim,"",341,180,,false,,activities/3279421263.fit.gz,81.0,,341.0,234.0,180.0,1.0,0.7670000195503235,,,,,0.0,0.0,,,,30.0,,,,,51.0,,,,,,,,,4.0,,,,,0.0,2.0,0.0,,1.0,,,,,,,,,,,,,,,,,,,,,,,,,,,
3074273741,"Feb 5, 2020, 4:35:41 PM",Afternoon Swim - Freezbrury day 5,Swim,"",378,234,,false,,activities/3281595854.fit.gz,81.0,,378.0,306.0,234.0,1.399999976158142,0.7630000114440918,,,,,0.0,0.0,,,,21.0,,,,,64.0,,,,,,,,,,,,,,0.0,,0.0,,1.0,,,,,,,,,,,,,,,,,,,,,,,,,,,
3077390498,"Feb 6, 2020, 5:31:51 PM",Afternoon Swim - Freezbrury day 6,Swim,"",445,288,,false,,activities/3285065476.fit.gz,81.0,,445.0,388.0,288.0,1.399999976158142,0.7419999837875366,,,,,0.0,0.0,,,,28.0,,,,,85.0,,,,,,,,,,,,,,0.0,,0.0,,1.0,,,,,,,,,,,,,,,,,,,,,,,,,,,
3079655159,"Feb 7, 2020, 1:28:13 PM",Afternoon Swim,Swim,,514,198,,false,,activities/3287579346.fit.gz,,,514.0,425.0,198.0,0.8999999761581421,0.4650000035762787,,,,,0.0,0.0,,,,29.0,,,,,46.0,,,,,,,,,,,,,,,,0.0,,1.0,,,,,,,,,,,,,,,,,,,,,,,,,,,
3093116572,"Feb 12, 2020, 10:27:44 AM",Morning Swim,Swim,,3793,540,,false,,activities/3302573544.fit.gz,,,3793.0,810.0,540.0,1.2999999523162842,0.6660000085830688,,,,,0.0,0.0,,,,28.0,,,,,157.0,,,,,,,,,,,,,,,,0.0,,1.0,,,,,,,,,,,,,,,,,,,,,,,,,,,
3094355964,"Feb 12, 2020, 6:27:56 PM",Evening Swim,Swim,,676,120,,false,,activities/3303941795.fit.gz,,,676.0,139.0,120.0,1.0,0.8579999804496765,,,,,0.0,0.0,,,,22.0,,,,,30.0,,,,,,,,,,,,,,,,0.0,,1.0,,,,,,,,,,,,,,,,,,,,,,,,,,,
3125218797,"Feb 23, 2020, 12:00:15 PM",Lunch Swim - Freezbrury day 23,Swim,Freezbrury day 23,6890,880,,false,,activities/3338427550.fit.gz,81.0,,6890.0,1383.0,880.0,1.7000000476837158,0.7730000019073486,,,,,0.0,0.0,,,,25.0,,,,,274.0,,,,,,,,,,,,,,0.0,,0.0,,1.0,,,,,,,,,,,,,,,,,,,,,,,,,,,
3151104627,"Mar 3, 2020, 5:41:35 PM",Afternoon Run,Run,Brushing off the seaweed after February,1481,4.52,35,false,"",activities/3367249311.fit.gz,81.0,,1481.0,1470.0,4526.2001953125,3.700000047683716,3.065000057220459,45.0,44.0,39.599998474121094,346.6000061035156,11.600000381469727,-6.53528356552124,,,124.0,83.75885772705078,161.0,151.0,,,352.0,,,35.0,,,,,,,,,,,0.0,,0.0,,1.0,4599.60009765625,,,,,,,,,,,,,,,,4778236.0,,,,,,,,,,
3156350850,"Mar 5, 2020, 1:11:33 PM",Afternoon Run,Run,,2018,5.59,31,false,"",activities/3373055698.fit.gz,81.0,,2018.0,1935.0,5598.2998046875,4.400000095367432,2.8919999599456787,47.0,38.0,-13.800000190734863,22.799999237060547,31.600000381469727,0.01786256581544876,,,88.0,82.68277740478516,162.0,145.0,,,428.0,,,31.0,,,,,,,,,,,,,0.0,,1.0,5698.60009765625,,,,,,,,,,,,,,,,4778236.0,,,,,,,,,,
3165937104,"Mar 8, 2020, 12:37:45 PM",GBBRC Second Sunday,Run,"",3368,10.00,64,false,"",activities/3383661851.fit.gz,81.0,,3368.0,3356.0,10003.7998046875,4.800000190734863,2.9730000495910645,23.0,24.0,5.400000095367432,14.199999809265137,9.199999809265137,-0.011995441280305386,,,85.0,81.51254272460938,158.0,146.0,,,737.0,,,64.0,,,,,,,,,,,0.0,,0.0,,1.0,10061.599609375,,,,,,,,,,,,,,,,4778236.0,,,,,,,,,,
3171727242,"Mar 9, 2020, 9:30:00 AM",Morning Swim,Swim,,262,120,,false,,activities/3390114793.fit.gz,,,262.0,130.0,120.0,1.100000023841858,0.9179999828338623,,,,,0.0,0.0,,,,26.0,,,,,30.0,,,,,,,,,,,,,,,,0.0,,1.0,,,,,,,,,,,,,,,,,,,,,,,,,,,
3172077403,"Mar 10, 2020, 6:39:49 PM",Evening Run,Run,,3604,10.01,76,false,"",activities/3390485955.fit.gz,81.0,,3604.0,3467.0,10016.599609375,5.0,2.8889999389648438,25.0,27.0,-4.599999904632568,13.600000381469727,13.0,-0.01397679839283228,,,116.0,82.04782104492188,170.0,150.0,,,767.0,,,76.0,,,,,,,,,,,,,0.0,,1.0,10074.599609375,,,,,,,,,,,,,,,,4778236.0,,,,,,,,,,
3180026038,"Mar 13, 2020, 12:46:08 PM",Lunch Ride,Ride,,14734,19.09,43,false,,activities/3399253962.fit.gz,81.0,,14734.0,7011.0,19094.0,8.300000190734863,2.2360000610351562,102.0,115.0,-139.39999389648438,41.0,47.599998474121094,0.8191055059432983,,,,,175.0,122.0,,37.425804138183594,1135.0,,,43.0,,,,,,,,,,,,,0.0,,1.0,,,,,,,,,,,,,,,,,,,,,,,,,,,
3197058503,"Mar 19, 2020, 11:51:02 AM",Lunch Run,Run,,2734,5.04,39,false,"",activities/3417932387.fit.gz,81.0,,2734.0,2228.0,5045.7998046875,11.899999618530273,1.8450000286102295,67.0,60.0,12.399999618530273,27.200000762939453,39.29999923706055,0.1664750874042511,,,121.0,78.48162078857422,173.0,145.0,,,570.0,,,39.0,,,,,,,,,,,,,0.0,,1.0,5272.10009765625,,,,,,,,,,,,,,,,4778236.0,,,,,,,,,,
3200930519,"Mar 20, 2020, 5:18:36 PM",Afternoon Run,Run,,1963,5.72,37,false,"",activities/3422074492.fit.gz,81.0,,1963.0,1922.0,5721.7998046875,4.599999904632568,2.9760000705718994,46.0,44.0,36.599998474121094,75.5999984741211,45.599998474121094,0.23419204354286194,,,90.0,82.70417785644531,166.0,148.0,,,431.0,,,37.0,,,,,,,,,,,,,0.0,,1.0,5915.0,,,,,,,,,,,,,,,,4778236.0,,,,,,,,,,
3204366073,"Mar 21, 2020, 5:30:29 PM",Afternoon Run,Run,,1902,5.65,40,false,"",activities/3425751112.fit.gz,81.0,,1902.0,1832.0,5653.0,4.5,3.0859999656677246,48.0,48.0,15.0,62.20000076293945,24.5,-0.2122766673564911,,,91.0,82.65181732177734,179.0,150.0,,,426.0,,,40.0,,,,,,,,,,,,,0.0,,1.0,5723.5,,,,,,,,,,,,,,,,4778236.0,,,,,,,,,,
3207704727,"Mar 22, 2020, 4:14:34 PM",Afternoon Swim,Swim,First swim since February,2787,0,,false,,activities/3429317720.fit.gz,81.0,,2787.0,0.0,,0.0,0.0,,,,,0.0,0.0,,,,0.0,,,,,,,,,,,,,,,,,,,0.0,,0.0,,1.0,,,,,,,,,,,,,,,,,,,,,,,,,,,
3210927661,"Mar 23, 2020, 5:22:32 PM",Afternoon Hike,Hike,First time at the wind park!,3409,4.29,6,false,"",activities/3432770366.fit.gz,81.0,,3409.0,3151.0,4289.2001953125,2.799999952316284,1.2580000162124634,97.0,95.0,198.39999389648438,294.79998779296875,38.79999923706055,0.05129161477088928,,,74.0,60.68955993652344,108.0,88.0,,,242.0,,,6.0,,,,,,,,,,,0.0,,0.0,,1.0,,,,,,,,,,,,,,,,,4778236.0,,,,,,,,,,
3212272758,"Mar 24, 2020, 9:07:46 AM",Morning Run,Run,,2031,5.73,46,false,"",activities/3434217747.fit.gz,81.0,,2031.0,1964.0,5729.2998046875,3.799999952316284,2.9170000553131104,47.0,49.0,20.399999618530273,61.599998474121094,21.399999618530273,0.013963310979306698,,,88.0,82.08293914794922,176.0,152.0,,,467.0,,,46.0,,,,,,,,,,,,,0.0,,1.0,5821.7998046875,,,,,,,,,,,,,,,,4778236.0,,,,,,,,,,
3217479610,"Mar 25, 2020, 5:34:08 PM",Afternoon Run,Run,Today I ran past three people and two ducks,2170,6.20,48,false,"",activities/3439739144.fit.gz,81.0,,2170.0,2038.0,6206.7998046875,4.099999904632568,3.0450000762939453,51.0,57.0,45.20000076293945,69.5999984741211,28.100000381469727,0.02577817812561989,,,89.0,81.30936431884766,171.0,152.0,,,471.0,,,48.0,,,,,,,,,,,0.0,,0.0,,1.0,6324.60009765625,,,,,,,,,,,,,,,,4778236.0,,,,,,,,,,
3221973042,"Mar 26, 2020, 6:15:07 PM",Evening Walk,Walk,"",2452,3.67,6,false,"",activities/3444511743.fit.gz,81.0,,2452.0,2452.0,3670.199951171875,2.200000047683716,1.5019999742507935,37.0,44.0,21.200000762939453,60.20000076293945,12.600000381469727,-0.18527600169181824,,,117.0,60.57539367675781,114.0,98.0,,,248.0,,,6.0,,,,,,,,,,,0.0,,0.0,,1.0,,,,,,,,,,,,,,,,,4778236.0,,,,,,,,,,
3223408893,"Mar 27, 2020, 12:03:17 PM",Lunch Run,Run,Nice run today to the highest point in Galway city. A dizzying 99m above sea level. ,2978,8.12,74,false,"",activities/3446052849.fit.gz,81.0,,2978.0,2677.0,8120.0,4.599999904632568,2.7269999980926514,93.0,89.0,47.400001525878906,98.80000305175781,20.200000762939453,-0.014778325334191322,,,88.0,82.21128845214844,193.0,153.0,,,694.0,,,74.0,,,,,,4.0,,,,,0.0,29.0,0.0,,1.0,8307.900390625,,,,,,,,,,,,,,,,4778236.0,,,,,,,,,,
3224933981,"Mar 27, 2020, 6:22:03 PM",Evening Walk,Walk,,1641,2.05,2,false,"",activities/3447658511.fit.gz,,,1641.0,1580.0,2056.60009765625,7.400000095367432,1.253999948501587,9.0,9.0,12.0,18.600000381469727,18.899999618530273,0.00972478836774826,,,113.0,58.5420036315918,105.0,81.0,,,132.0,,,2.0,,,,,,,,,,,,,0.0,,1.0,,,,,,,,,,,,,,,,,4778236.0,,,,,,,,,,
3235862859,"Mar 30, 2020, 6:13:41 PM",Evening Run,Run,,2014,5.71,32,false,"",activities/3459321268.fit.gz,81.0,,2014.0,1950.0,5715.39990234375,4.0,2.931999921798706,54.0,56.0,22.399999618530273,61.20000076293945,27.799999237060547,-0.010497952811419964,,,90.0,82.21366882324219,161.0,145.0,,,423.0,,,32.0,,,,,,,,,,,,,0.0,,1.0,5804.10009765625,,,,,,,,,,,,,,,,4778236.0,,,,,,,,,,
3243054123,"Apr 1, 2020, 4:12:16 PM",Afternoon Walk,Walk,,3921,5.55,9,false,"",activities/3466940642.fit.gz,,,3921.0,3899.0,5549.39990234375,2.299999952316284,1.4160000085830688,76.0,71.0,41.599998474121094,100.4000015258789,15.300000190734863,0.018019966781139374,,,124.0,60.2761116027832,117.0,96.0,,,386.0,,,9.0,,,,,,,,,,,,,0.0,,1.0,,,,,,,,,,,,,,,,,4778236.0,,,,,,,,,,
3245300848,"Apr 2, 2020, 9:22:08 AM",Morning Run,Run,Foot injury acting up. New running shoes on the way! ,2175,6.12,60,false,"",activities/3469324626.fit.gz,81.0,,2175.0,2050.0,6127.89990234375,4.099999904632568,2.989000082015991,53.0,51.0,16.200000762939453,60.79999923706055,12.899999618530273,0.05874769389629364,,,88.0,81.44548034667969,186.0,157.0,,,508.0,,,60.0,,,,,,,,,,,0.0,,0.0,,1.0,6226.2001953125,,,,,,,,,,,,,,,,4778236.0,,,,,,,,,,
3249954288,"Apr 3, 2020, 2:11:21 PM",Afternoon Run,Run,New shoes! ,1997,6.05,53,false,Distance Shoes,activities/3474242408.fit.gz,78.0,,1997.0,1923.0,6053.2998046875,4.199999809265137,3.1480000019073486,56.0,52.0,26.600000381469727,69.0,15.199999809265137,0.009911948814988136,,,87.0,82.37311553955078,192.0,156.0,,,479.0,,,53.0,,,,,,,,,,,0.0,,0.0,,1.0,6169.89990234375,,,,,,,,,,,,,,,,6016478.0,,,,,,,,,,
3254112385,"Apr 4, 2020, 1:07:40 PM",Afternoon Walk,Walk,,6927,8.86,14,false,"",activities/3478664980.fit.gz,,,6927.0,6586.0,8860.2998046875,2.299999952316284,1.2790000438690186,87.0,73.0,-5.400000095367432,67.80000305175781,42.900001525878906,0.15575093030929565,,,124.0,60.332664489746094,134.0,93.0,,,633.0,,,14.0,,,,,,,,,,,,,0.0,,1.0,,,,,,,,,,,,,,,,,4778236.0,,,,,,,,,,
3286065845,"Apr 11, 2020, 5:58:11 PM",Evening Run,Run,"",2103,5.91,27,false,Distance Shoes,activities/3512713303.fit.gz,78.0,,2103.0,2055.0,5918.5,4.800000190734863,2.880000114440918,47.0,46.0,20.600000381469727,61.400001525878906,20.799999237060547,0.09461856633424759,,,88.0,78.75499725341797,162.0,143.0,,,430.0,,,27.0,,,,,,,,,,,,,0.0,,1.0,6020.7001953125,,,,,,,,,,,,,,,,6016478.0,,,,,,,,,,
3293115837,"Apr 13, 2020, 10:26:18 AM",Lunch Walk,Walk,,6289,8.91,13,false,"",activities/3520167856.fit.gz,,,6289.0,5907.0,8912.7001953125,2.4000000953674316,1.4170000553131104,92.0,91.0,-5.800000190734863,59.400001525878906,14.100000381469727,-0.0067319669760763645,,,124.0,61.808536529541016,120.0,95.0,,,634.0,,,13.0,,,,,,,,,,,,,0.0,,1.0,,,,,,,,,,,,,,,,,4778236.0,,,,,,,,,,
3296640160,"Apr 14, 2020, 8:17:52 AM",Morning Run,Run,"",2281,6.05,40,false,Distance Shoes,activities/3523894207.fit.gz,78.0,,2281.0,2256.0,6054.89990234375,4.0,2.684000015258789,62.0,60.0,50.400001525878906,89.19999694824219,26.799999237060547,0.05284975841641426,,,87.0,78.93576049804688,170.0,147.0,,,503.0,,,40.0,,,,,,,,,,,,,0.0,,1.0,6212.39990234375,,,,,,,,,,,,,,,,6016478.0,,,,,,,,,,
3304228074,"Apr 15, 2020, 6:45:25 PM",Evening Walk,Walk,,4025,5.85,9,false,"",activities/3531851211.fit.gz,,,4025.0,3985.0,5853.10009765625,2.200000047683716,1.4550000429153442,57.0,57.0,-5.0,48.599998474121094,10.899999618530273,-0.08542481809854507,,,70.0,59.947235107421875,113.0,98.0,,,399.0,,,9.0,,,,,,,,,,,,,0.0,,1.0,,,,,,,,,,,,,,,,,4778236.0,,,,,,,,,,
3308483781,"Apr 16, 2020, 5:42:53 PM",Evening Run,Run,"",1714,5.27,58,false,Distance Shoes,activities/3536331874.fit.gz,78.0,,1714.0,1671.0,5277.60009765625,4.900000095367432,3.1579999923706055,40.0,39.0,18.799999237060547,61.0,20.0,0.037896014750003815,,,86.0,81.08882141113281,185.0,160.0,,,431.0,,,58.0,,,,,,,,,,,,,0.0,,1.0,5356.39990234375,,,,,,,,,,,,,,,,6016478.0,,,,,,,,,,
3329806427,"Apr 21, 2020, 8:22:06 AM",Morning Walk,Walk,,4506,6.42,11,false,"",activities/3558850486.fit.gz,,,4506.0,4506.0,6420.7998046875,2.4000000953674316,1.4249999523162842,54.0,54.0,31.399999618530273,83.4000015258789,18.0,-0.009344629943370819,,,114.0,59.83217239379883,145.0,100.0,,,437.0,,,11.0,,,,,,,,,,,,,0.0,,1.0,,,,,,,,,,,,,,,,,4778236.0,,,,,,,,,,
3358675030,"Apr 26, 2020, 7:55:17 PM",Evening Run,Run,"",1346,5.01,39,false,Distance Shoes,activities/3589094623.fit.gz,78.0,,1346.0,1345.0,5017.2001953125,4.400000095367432,3.7290000915527344,11.0,46.0,35.400001525878906,75.19999694824219,8.399999618530273,-0.35477957129478455,,,87.0,83.74126434326172,194.0,156.0,,,343.0,,,39.0,,,,,,,,,,,,,0.0,,1.0,4966.2998046875,,,,,,,,,,,,,,,,6016478.0,,,,,,,,,,
3358675048,"Apr 26, 2020, 8:18:21 PM",Night Walk,Walk,"",1042,2.34,23,false,Distance Shoes,activities/3589094688.fit.gz,78.0,,1042.0,1042.0,2341.60009765625,3.700000047683716,2.246999979019165,41.0,5.0,54.0,95.4000015258789,12.199999809265137,1.5117868185043335,,,88.0,73.50157928466797,179.0,152.0,,,250.0,,,23.0,,,,,,,,,,,,,0.0,,1.0,,,,,,,,,,,,,,,,,6016478.0,,,,,,,,,,
3367070056,"Apr 27, 2020, 4:04:31 PM",Afternoon Walk,Walk,,2599,4.01,6,false,"",activities/3597963514.fit.gz,,,2599.0,2578.0,4017.699951171875,2.299999952316284,1.5460000038146973,33.0,31.0,53.0,72.80000305175781,41.599998474121094,0.16427309811115265,,,70.0,60.89091873168945,119.0,101.0,,,276.0,,,6.0,,,,,,,,,,,,,0.0,,1.0,,,,,,,,,,,,,,,,,4778236.0,,,,,,,,,,
3379229708,"May 1, 2020, 11:07:34 AM",Benchmark Run,Run,"2 mins warm up, 5 mins hard run, 3 mins warm down",540,2.02,5,false,Distance Shoes,activities/3610724242.fit.gz,78.0,,540.0,540.0,2023.9000244140625,5.300000190734863,3.750999927520752,5.0,35.0,25.200000762939453,63.20000076293945,20.899999618530273,-1.4427590370178223,,,92.0,83.9734878540039,153.0,139.0,,,119.0,,,5.0,,,,,,7.0,,,,,0.0,17.0,0.0,,1.0,1985.699951171875,,,,,,,,,,,,,,,,6016478.0,,,,,,,,,,
3379229969,"May 1, 2020, 11:18:31 AM",Lunch Run,Run,Warm down,596,1.60,8,false,Distance Shoes,activities/3610724531.fit.gz,78.0,,596.0,589.0,1600.0,4.0,2.7179999351501465,28.0,3.0,38.79999923706055,69.80000305175781,22.600000381469727,1.6124999523162842,,,83.0,76.43470001220703,155.0,139.0,,,129.0,,,8.0,,,,,,,,,,,0.0,,0.0,,1.0,1704.9000244140625,,,,,,,,,,,,,,,,6016478.0,,,,,,,,,,
3408735225,"May 6, 2020, 4:37:27 PM",Week 2 - easy run,Run,Started a Garmin coach training plan for 10k. Let's see how this goes!,1011,3.22,12,false,Distance Shoes,activities/3641413518.fit.gz,78.0,,1011.0,1005.0,3220.89990234375,3.799999952316284,3.183000087738037,33.0,29.0,36.599998474121094,68.0,22.200000762939453,0.1552361100912094,,,86.0,82.21021270751953,160.0,140.0,,,226.0,,,12.0,,,,,,3.0,,,,,0.0,8.0,0.0,,1.0,3287.39990234375,,,,,,,,,,,,,,,,6016478.0,,,,,,,,,,
3419428217,"May 8, 2020, 12:42:29 PM",Afternoon Walk,Walk,A lot of effort for coffee and ice-cream,11585,14.31,21,false,Distance Shoes,activities/3652751277.fit.gz,78.0,,11585.0,10558.0,14315.099609375,3.0999999046325684,1.2359999418258667,84.0,75.0,2.200000047683716,71.5999984741211,19.700000762939453,0.04470803588628769,,,124.0,59.68877410888672,145.0,89.0,,,1050.0,,,21.0,,,,,,,,,,,0.0,,0.0,,1.0,,,,,,,,,,,,,,,,,6016478.0,,,,,,,,,,
3425161280,"May 9, 2020, 1:13:16 PM",Afternoon Walk,Walk,,3857,5.00,8,false,Distance Shoes,activities/3658785978.fit.gz,,,3857.0,3612.0,5002.5,2.5999999046325684,1.2970000505447388,15.0,66.0,-9.199999809265137,60.0,8.100000381469727,-1.3793103694915771,,,73.0,59.431915283203125,126.0,98.0,,,341.0,,,8.0,,,,,,,,,,,,,0.0,,1.0,,,,,,,,,,,,,,,,,6016478.0,,,,,,,,,,
3425161483,"May 9, 2020, 3:57:17 PM",Afternoon Walk,Walk,,378,0.61,4,false,Distance Shoes,activities/3658786240.fit.gz,,,378.0,378.0,615.7999877929688,2.299999952316284,1.6369999647140503,2.0,2.0,52.79999923706055,56.599998474121094,10.300000190734863,0.12991230189800262,,,71.0,64.49193572998047,171.0,142.0,,,85.0,,,4.0,,,,,,,,,,,,,0.0,,1.0,,,,,,,,,,,,,,,,,6016478.0,,,,,,,,,,
3425161533,"May 9, 2020, 3:14:38 PM",Wk 2 - Easy Run,Run,Its hot out! ,2510,6.43,85,false,Distance Shoes,activities/3658786179.fit.gz,78.0,,2510.0,2434.0,6438.0,4.900000095367432,2.563999891281128,97.0,43.0,0.4000000059604645,62.599998474121094,20.700000762939453,0.813917338848114,,,93.0,79.46495056152344,189.0,160.0,,,646.0,,,85.0,,,,,,6.0,,,,,0.0,64.0,0.0,,1.0,6755.2001953125,,,,,,,,,,,,,,,,6016478.0,,,,,,,,,,
3429797075,"May 10, 2020, 12:44:46 PM",WK 2 - Easy Run,Run,"",1569,4.83,42,false,Distance Shoes,activities/3663673334.fit.gz,78.0,,1569.0,1550.0,4829.5,4.199999809265137,3.078000068664551,41.0,44.0,14.199999809265137,55.20000076293945,16.399999618530273,0.004141215234994888,,,124.0,80.84808349609375,186.0,155.0,,,391.0,,,42.0,,,,,,,,,,,0.0,,0.0,,1.0,4916.2001953125,,,,,,,,,,,,,,,,6016478.0,,,,,,,,,,
3434604571,"May 11, 2020, 2:42:02 PM",WK 3 - Easy Run,Run,"",1284,4.02,21,false,Distance Shoes,activities/3668762436.fit.gz,78.0,,1284.0,1191.0,4021.5,4.400000095367432,3.132999897003174,27.0,24.0,44.20000076293945,60.599998474121094,22.0,-0.06962576508522034,,,87.0,82.80034637451172,162.0,146.0,,,299.0,,,21.0,,,,,,5.0,,,,,0.0,21.0,0.0,,1.0,4082.199951171875,,,,,,,,,,,,,,,,6016478.0,,,,,,,,,,
3445694300,"May 13, 2020, 4:47:23 PM",Wk 3 - Easy Run,Run,Finding some trails within 5k! ,2087,5.63,44,false,Distance Shoes,activities/3680383704.fit.gz,78.0,,2087.0,1923.0,5633.5,4.0,2.7009999752044678,61.0,60.0,54.20000076293945,88.0,39.599998474121094,0.04615247994661331,,,88.0,80.74269104003906,179.0,150.0,,,497.0,,,44.0,,,,,,3.0,,,,,0.0,16.0,0.0,,1.0,5842.0,,,,,,,,,,,,,,,,6016478.0,,,,,,,,,,
3449635119,"May 14, 2020, 11:35:18 AM",Wk3 - Eaay Run,Run,Quick jog about town. ,1794,4.82,29,false,Distance Shoes,activities/3684526671.fit.gz,78.0,,1794.0,1642.0,4826.2998046875,4.400000095367432,2.938999891281128,4.0,4.0,8.600000381469727,18.399999618530273,11.699999809265137,-0.07459130138158798,,,89.0,81.07767486572266,163.0,146.0,,,384.0,,,29.0,,,,,,,,,,,0.0,,0.0,,1.0,4845.5,,,,,,,,,,,,,,,,6016478.0,,,,,,,,,,
3459603299,"May 16, 2020, 11:49:33 AM",GBBRC Birthday Run,Run,"",1433,4.28,24,false,Distance Shoes,activities/3694993088.fit.gz,78.0,,1433.0,1289.0,4281.10009765625,3.9000000953674316,2.990000009536743,4.0,62.0,11.399999618530273,71.5999984741211,5.800000190734863,-1.3407769203186035,,,87.0,82.70244598388672,159.0,147.0,,,337.0,,,24.0,,,,,,,,,,,0.0,,0.0,,1.0,4182.7001953125,,,,,,,,,,,,,,,,6016478.0,,,,,,,,,,
3460077688,"May 16, 2020, 12:58:30 PM",Slow Run Home,Run,"",1867,4.28,,false,Distance Shoes,activities/3695492759.fit.gz,78.0,,1867.0,1638.0,4283.7998046875,4.099999904632568,2.614000082015991,55.0,7.0,-2.200000047683716,48.599998474121094,13.199999809265137,0.770344078540802,,,122.0,76.998046875,,,,,357.0,,,,,,,,,,,,,,0.0,,0.0,,1.0,4462.5,,,,,,,,,,,,,,,,6016478.0,,,,,,,,,,
3479249608,"May 19, 2020, 8:14:44 PM",Night Run,Run,,17,0.02,,false,Distance Shoes,activities/3715639971.fit.gz,78.0,,17.0,6.0,21.899999618530273,2.700000047683716,1.3289999961853027,,0.0,67.80000305175781,70.80000305175781,16.399999618530273,-5.479452133178711,,,82.0,82.0,,,,,1.0,,,,,,,,,,,,,,,,0.0,,1.0,22.100000381469727,,,,,,,,,,,,,,,,6016478.0,,,,,,,,,,
3479250007,"May 19, 2020, 8:17:19 PM",Wk 4 - Night Run,Run,Easy run. Calves felt awful. Stretching for the day tomorrow!,1774,4.56,,false,Distance Shoes,activities/3715640359.fit.gz,78.0,,1774.0,1742.0,4565.89990234375,4.400000095367432,2.621000051498413,41.0,19.0,50.0,87.0,24.200000762939453,-0.38546615839004517,,,92.0,77.04125213623047,,,,,378.0,,,,,,,,,,,,,,0.0,,0.0,,1.0,4714.7001953125,,,,,,,,,,,,,,,,6016478.0,,,,,,,,,,
3487774694,"May 21, 2020, 11:26:51 AM",Wk 4 time trial,Run,Warm up. 1.6k time trial. Cool down,2905,6.61,,false,Distance Shoes,activities/3724637771.fit.gz,78.0,,2905.0,2904.0,6616.39990234375,5.099999904632568,2.2769999504089355,11.0,0.0,10.600000381469727,24.200000762939453,14.300000190734863,0.09068375825881958,,,95.0,74.28123474121094,,,,,526.0,,,,,,,,,8.0,,,,,0.0,125.0,0.0,,1.0,6673.10009765625,,,,,,,,,,,,,,,,6016478.0,,,,,,,,,,
3506106623,"May 24, 2020, 6:59:57 PM",Wk 4 - Steady state run,Run,"1.6k warm up, 3k steady pace, 1.6k cool down. ",2110,6.44,,false,Distance Shoes,activities/3744076870.fit.gz,,,2110.0,2080.0,6439.7001953125,5.0,3.0960097312927246,16.0,16.0,35.400001525878906,51.599998474121094,11.600000381469727,-0.09006630629301071,,,89.0,81.64618682861328,,,,,556.0,,,,,,,,,7.0,,,,,0.0,66.0,0.0,,1.0,6506.5,,,,,,,,,,,,,,,,6016478.0,,,,,,,,,,
3511271238,"May 25, 2020, 7:14:58 PM",Wk 5 - Evening Run,Run,Easy run to shake out the legs!,1601,4.82,,false,Distance Shoes,activities/3749533340.fit.gz,,,1601.0,1593.0,4828.7998046875,3.700000047683716,3.031261682510376,41.0,40.0,10.199999809265137,72.4000015258789,18.0,-0.44317427277565,,,87.0,81.73751068115234,,,,,397.0,,,,,,,,,,,,,,0.0,,0.0,,1.0,4935.39990234375,,,,,,,,,,,,,,,,6016478.0,,,,,,,,,,
3513696845,"May 26, 2020, 10:14:40 AM",Wk 5 - Race pace repeats,Run,"1.6k warm up, 3 x (8min race pace, 4 mins recovery), warm down",2981,7.94,,false,Distance Shoes,activities/3752113670.fit.gz,,,2981.0,2854.0,7947.39990234375,6.599999904632568,2.7846531867980957,23.0,22.0,12.0,24.0,16.700000762939453,-0.060397110879421234,,,92.0,81.38268280029297,,,,,642.0,,,,,,,,,8.0,,,,,0.0,122.0,0.0,,1.0,8019.89990234375,,,,,,,,,,,,,,,,6016478.0,,,,,,,,,,
3524410485,"May 27, 2020, 12:30:11 PM",Afternoon Walk,Walk,,7832,9.98,8,false,Distance Shoes,activities/3763356108.fit.gz,,,7832.0,6984.0,9984.2998046875,2.299999952316284,1.429596185684204,32.0,72.0,-3.200000047683716,55.79999923706055,34.0,-0.4346824586391449,,,115.0,59.305763244628906,,69.62364196777344,,,566.0,,,8.0,,,,,,,,,,,,,0.0,,1.0,,1590580736.0,1.0,18.649999618530273,18.649999618530273,10.569999694824219,0.5899999737739563,1036.5,1.149999976158142,1.6100000143051147,202.0,0.0,1590553216.0,1590612480.0,0.17000000178813934,,6016478.0,0.0,,0.15000000596046448,16093.0,7.0,316.79998779296875,,,,
3524541607,"May 28, 2020, 9:29:06 AM",Wk 5 - Hill repeats,Run,"Ballymoneen hill X 2, 1 min rest. ",1848,5.23,35,false,Distance Shoes,activities/3763493213.fit.gz,,,1848.0,1810.0,5237.10009765625,7.099999904632568,2.893425464630127,80.0,76.0,55.20000076293945,89.80000305175781,47.599998474121094,0.5728361010551453,,,118.0,78.57212829589844,,148.183837890625,,,406.0,,,35.0,,,,,,5.0,,,,,0.0,32.0,0.0,,1.0,5566.0,1590656384.0,2.0,16.989999771118164,16.989999771118164,10.510000228881836,0.6600000262260437,1031.199951171875,4.119999885559082,4.900000095367432,117.0,0.0,1590639616.0,1590699008.0,0.20000000298023224,,6016478.0,0.0,,0.46000000834465027,16093.0,3.0,316.0,,,,
3525653464,"May 28, 2020, 12:04:33 PM",Afternoon Walk,Walk,,8306,11.61,19,false,Distance Shoes,activities/3764669366.fit.gz,,,8306.0,8101.0,11609.099609375,3.4000000953674316,1.4330452680587769,75.0,63.0,6.400000095367432,71.19999694824219,18.200000762939453,-0.04996080696582794,,,70.0,60.00439453125,,97.26385498046875,,,735.0,,,19.0,,,,,,,,,,,,,0.0,,1.0,,1590667264.0,2.0,21.6299991607666,21.6299991607666,13.380000114440918,0.5899999737739563,1029.5,5.039999961853027,5.949999809265137,146.0,0.0,1590639616.0,1590699008.0,0.20000000298023224,,6016478.0,0.0,,0.550000011920929,16093.0,5.0,320.1000061035156,,,,
3536657218,"May 30, 2020, 12:44:25 PM",Wk 5 - Steady state run,Run,"2k warm up, 4k race pace, 2k cool down",2993,8.04,86,false,Distance Shoes,activities/3776232099.fit.gz,,,2993.0,2843.0,8048.0,5.199999809265137,2.830812454223633,37.0,25.0,13.399999618530273,29.799999237060547,27.299999237060547,0.04224652051925659,,,98.0,81.75200653076172,,159.4980926513672,,,680.0,,,86.0,,,,,,5.0,,,,,0.0,51.0,0.0,,1.0,8171.5,1590840064.0,1.0,20.559999465942383,20.559999465942383,9.479999542236328,0.49000000953674316,1019.5999755859375,5.599999904632568,7.079999923706055,136.0,0.0,1590812288.0,1590871936.0,0.2800000011920929,,6016478.0,0.0,,0.1599999964237213,16093.0,7.0,329.20001220703125,,,,
3548289922,"Jun 1, 2020, 4:49:25 PM",Wk 6 - Easy Run,Run,"",1612,4.82,33,false,Distance Shoes,activities/3788724066.fit.gz,,,1612.0,1587.0,4828.10009765625,3.9000000953674316,3.042281150817871,28.0,42.0,28.0,68.5999984741211,14.399999618530273,-0.3189660608768463,,,86.0,82.40496063232422,,150.0835418701172,,,361.0,,,33.0,,,,,,6.0,,,,,0.0,41.0,0.0,,1.0,4857.5,1591027200.0,1.0,22.530000686645508,22.530000686645508,10.569999694824219,0.4699999988079071,1024.199951171875,1.6100000143051147,2.190000057220459,321.0,0.0,1590984960.0,1591044864.0,0.3499999940395355,,6016478.0,0.0,,0.1899999976158142,16093.0,3.0,339.8999938964844,,,,
3552881620,"Jun 2, 2020, 2:38:55 PM",Wk 6 - supersets,Run,"1.6 warm up, 200m sprint, 400m fast run, 1.6km race pace. Warm down ",1725,5.17,40,false,Distance Shoes,activities/3793578270.fit.gz,,,1725.0,1713.0,5177.0,5.599999904632568,3.022183418273926,10.0,6.0,18.799999237060547,28.600000381469727,13.800000190734863,0.1274869590997696,,,102.0,80.77369689941406,,152.977783203125,,,394.0,,,40.0,,,,,,9.0,,,,,0.0,85.0,0.0,,1.0,5243.10009765625,1591106432.0,3.0,18.389999389648438,18.389999389648438,10.829999923706055,0.6100000143051147,1021.2000122070312,5.789999961853027,6.239999771118164,236.0,0.0,1591071360.0,1591131392.0,0.38999998569488525,,6016478.0,0.0,,0.9100000262260437,16093.0,4.0,320.79998779296875,,,,
3563489056,"Jun 4, 2020, 3:34:14 PM",Wk 6 - Tempo Run,Run,"",2654,7.91,77,false,Distance Shoes,activities/3804745660.fit.gz,,,2654.0,2654.0,7915.5,4.5,2.9824793338775635,66.0,59.0,12.0,60.20000076293945,28.100000381469727,0.09096077084541321,,,92.0,83.08209991455078,,156.2560272216797,,,620.0,,,77.0,,,,,,,,,,,0.0,,0.0,,1.0,8048.60009765625,1591282816.0,5.0,15.260000228881836,15.260000228881836,9.989999771118164,0.7099999785423279,1006.5,6.559999942779541,8.550000190734863,306.0,0.07810000330209732,1591244032.0,1591304320.0,0.46000000834465027,,6016478.0,1.0,5.0,1.0,16093.0,3.0,333.0,,,,
3577697380,"Jun 7, 2020, 12:11:05 PM",Wk 6 - steady state run,Run,"2k easy, 4k at pace, 2k easy",2708,8.04,59,false,Distance Shoes,activities/3819729110.fit.gz,,,2708.0,2664.0,8047.10009765625,4.099999904632568,3.0206832885742188,21.0,65.0,-5.199999809265137,55.20000076293945,17.0,-0.5865467190742493,,,122.0,84.5738754272461,,150.13632202148438,,,591.0,,,59.0,,,,,,,,,,,0.0,,0.0,,1.0,8029.7001953125,1591531264.0,2.0,14.319999694824219,14.319999694824219,8.760000228881836,0.6899999976158142,1015.0,5.739999771118164,6.369999885559082,343.0,0.0,1591503104.0,1591563648.0,0.5699999928474426,,6016478.0,0.0,,0.8700000047683716,16093.0,4.0,363.3999938964844,,,,
3577697967,"Jun 7, 2020, 12:57:11 PM",Afternoon Walk,Walk,,1469,3.10,12,false,Distance Shoes,activities/3819729759.fit.gz,,,1469.0,1469.0,3104.39990234375,3.9000000953674316,2.113274335861206,54.0,8.0,6.199999809265137,59.599998474121094,17.899999618530273,1.3400335311889648,,,124.0,73.33489227294922,,128.81288146972656,,,249.0,,,12.0,,,,,,,,,,,,,0.0,,1.0,,1591531264.0,3.0,14.600000381469727,14.600000381469727,8.6899995803833,0.6800000071525574,1014.9000244140625,5.739999771118164,6.260000228881836,343.0,0.0,1591503104.0,1591563776.0,0.5699999928474426,,6016478.0,0.0,,0.9399999976158142,16093.0,4.0,363.29998779296875,,,,
3581859251,"Jun 8, 2020, 8:38:40 AM",Wk 7 - easy run,Run,Nice little jog about Galway today!,1967,4.82,19,false,Distance Shoes,activities/3824149259.fit.gz,,,1967.0,1764.0,4827.2001953125,4.0,2.7365078926086426,10.0,7.0,0.4000000059604645,8.399999618530273,27.200000762939453,0.03314550966024399,,,89.0,83.29521942138672,,136.4397735595703,,,383.0,,,19.0,,,,,,,,,,,0.0,,0.0,,1.0,4867.39990234375,1591603200.0,2.0,10.079999923706055,10.079999923706055,4.119999885559082,0.6600000262260437,1021.5,2.7300000190734863,4.039999961853027,0.0,0.0,1591589504.0,1591650176.0,0.6100000143051147,,6016478.0,0.0,,0.46000000834465027,16093.0,2.0,348.3999938964844,,,,
3592653169,"Jun 10, 2020, 11:45:36 AM",Wk 7 - pace repeats,Run,"Wu, 3 x 8 mins at race pace, 3.30 break. Struggled! ",2738,7.03,31,false,Distance Shoes,activities/3835490135.fit.gz,,,2738.0,2729.0,7029.89990234375,5.199999809265137,2.575998544692993,30.0,26.0,6.0,20.600000381469727,15.199999809265137,0.08534972369670868,,,117.0,80.33455657958984,,137.6924591064453,,,493.0,,,31.0,,,,,,,,,,,0.0,,0.0,,1.0,7179.0,1591786752.0,2.0,13.40999984741211,13.40999984741211,6.869999885559082,0.6499999761581421,1015.7000122070312,3.690000057220459,4.070000171661377,308.0,0.0,1591762304.0,1591823104.0,0.6700000166893005,,6016478.0,0.0,,0.7400000095367432,16093.0,4.0,360.5,,,,
3603868083,"Jun 12, 2020, 4:47:22 PM",Wk 7 - hill repeats,Run,"400m up, down, 1 min rest x4. Not the best after two days bringing home turf! ",2626,7.42,51,false,Distance Shoes,activities/3847316312.fit.gz,,,2626.0,2575.0,7421.7998046875,4.5,2.8822524547576904,96.0,92.0,72.19999694824219,180.8000030517578,31.299999237060547,1.3177396059036255,,,92.0,81.58769226074219,,147.36233520507812,,,556.0,,,51.0,,,,,,,,,,,0.0,,0.0,,1.0,7640.89990234375,1591977600.0,3.0,15.510000228881836,15.510000228881836,12.4399995803833,0.8199999928474426,1007.0999755859375,7.300000190734863,11.520000457763672,36.0,0.0,1591935104.0,1591995520.0,0.7400000095367432,,6016478.0,0.0,,0.9399999976158142,16093.0,2.0,360.8999938964844,,,,
3603868255,"Jun 12, 2020, 5:32:18 PM",Evening Run,Run,,158,0.47,4,false,Distance Shoes,activities/3847316554.fit.gz,,,158.0,152.0,470.6000061035156,3.799999952316284,3.096052646636963,2.0,2.0,69.4000015258789,72.80000305175781,5.099999904632568,0.0,,,90.0,86.0,,157.78289794921875,,,38.0,,,4.0,,,,,,,,,,,,,0.0,,1.0,474.1000061035156,1591981184.0,3.0,15.680000305175781,15.680000305175781,12.350000381469727,0.8100000023841858,1006.9000244140625,7.340000152587891,12.09000015258789,37.0,0.0,1591935104.0,1591995520.0,0.7400000095367432,,6016478.0,0.0,,0.9700000286102295,16093.0,2.0,360.70001220703125,,,,
3622855856,"Jun 16, 2020, 10:47:27 AM",Wk 8 - easy run,Run,"",1642,4.83,27,false,Distance Shoes,activities/3867578159.fit.gz,,,1642.0,1631.0,4829.39990234375,3.9000000953674316,2.961005449295044,32.0,56.0,14.199999809265137,55.599998474121094,12.199999809265137,-0.4721083343029022,,,88.0,81.24951171875,,146.0694580078125,,,359.0,,,27.0,,,,,,,,,,,0.0,,0.0,,1.0,4837.7001953125,1592301568.0,3.0,14.640000343322754,14.720000267028809,14.380000114440918,0.9800000190734863,1016.5999755859375,3.4200000762939453,4.559999942779541,347.0,0.0,1592280576.0,1592341632.0,0.8600000143051147,,6016478.0,0.0,,1.0,16093.0,3.0,348.5,,,,
3630336372,"Jun 17, 2020, 6:07:27 PM",Wk 8 - Supersets,Run,First track session since college. Suffering! ,2002,5.96,9,false,Distance Shoes,activities/3875564319.fit.gz,,,2002.0,1921.0,5960.0,6.099999904632568,3.102550745010376,7.0,5.0,18.200000762939453,28.799999237060547,47.099998474121094,-0.02348993346095085,,,99.0,79.82789611816406,,125.75961303710938,,,320.0,,,9.0,,,,,,9.0,,,,,0.0,96.0,0.0,,1.0,6125.89990234375,1592416768.0,2.0,17.239999771118164,17.239999771118164,11.970000267028809,0.7099999785423279,1015.4000244140625,3.7200000286102295,4.269999980926514,348.0,0.0,1592366976.0,1592428032.0,0.8899999856948853,,6016478.0,0.0,,0.8700000047683716,16093.0,1.0,359.20001220703125,,,,
3637955348,"Jun 19, 2020, 11:24:12 AM",Wk 8 - Tempo run,Run,"",2745,7.38,46,false,Distance Shoes,activities/3883735844.fit.gz,,,2745.0,2741.0,7388.60009765625,4.300000190734863,2.6955854892730713,63.0,57.0,-2.5999999046325684,51.400001525878906,16.100000381469727,-0.03789621964097023,,,122.0,81.14556121826172,,144.06605529785156,,,567.0,,,46.0,,,,,,,,,,,0.0,,0.0,,1.0,7553.89990234375,1592564352.0,2.0,15.720000267028809,15.720000267028809,13.460000038146973,0.8600000143051147,1011.0999755859375,5.559999942779541,6.550000190734863,248.0,0.0,1592539776.0,1592600960.0,0.949999988079071,,6016478.0,0.0,,0.7099999785423279,16093.0,4.0,355.70001220703125,,,,
3651186622,"Jun 21, 2020, 8:09:43 PM",Wk 8 - steady state run,Run,Legs like lead. It's a bit late for a long run. ,3470,9.65,87,false,Distance Shoes,activities/3897975447.fit.gz,,,3470.0,3277.0,9655.2998046875,4.099999904632568,2.9463839530944824,77.0,100.0,10.600000381469727,78.5999984741211,16.600000381469727,-0.2547823488712311,,,94.0,86.7395248413086,,154.9058074951172,,,767.0,,,87.0,,,,,,,,,,,0.0,,0.0,,1.0,9795.0,1592769536.0,2.0,13.050000190734863,13.050000190734863,10.859999656677246,0.8700000047683716,1017.0,7.559999942779541,10.529999732971191,225.0,0.0,1592712576.0,1592773760.0,0.019999999552965164,,6016478.0,0.0,,0.5600000023841858,16093.0,0.0,340.3999938964844,,,,
3651223683,"Jun 21, 2020, 9:09:02 PM",Night Run,Run,,665,1.51,14,false,Distance Shoes,activities/3898016934.fit.gz,,,665.0,628.0,1510.699951171875,3.5,2.4055731296539307,26.0,2.0,30.799999237060547,59.599998474121094,17.0,1.5224729776382446,,,90.0,81.41214752197266,,151.94822692871094,,,148.0,,,14.0,,,,,,,,,,,,,0.0,,1.0,1615.9000244140625,1592773248.0,2.0,12.699999809265137,12.699999809265137,10.970000267028809,0.8899999856948853,1016.9000244140625,7.050000190734863,9.9399995803833,217.0,0.0,1592712576.0,1592773760.0,0.019999999552965164,,6016478.0,0.0,,0.5600000023841858,16093.0,0.0,339.79998779296875,,,,
3654765477,"Jun 22, 2020, 4:48:19 PM",Wk 9 - easy run,Run,Like a drowned rat!,1755,4.83,14,false,Distance Shoes,activities/3901901090.fit.gz,,,1755.0,1612.0,4829.89990234375,3.9000000953674316,2.9962158203125,34.0,35.0,12.600000381469727,21.399999618530273,24.700000762939453,0.02484523504972458,,,90.0,84.78378295898438,,134.5746307373047,,,341.0,,,14.0,,,,,,3.0,,,,,0.0,13.0,0.0,,1.0,4908.60009765625,1592841600.0,3.0,16.389999389648438,16.389999389648438,13.529999732971191,0.8299999833106995,1010.2000122070312,7.860000133514404,17.34000015258789,178.0,0.0,1592798976.0,1592860160.0,0.05000000074505806,,6016478.0,0.0,,0.9900000095367432,7034.0,3.0,326.3999938964844,,,,
3664301340,"Jun 24, 2020, 1:08:34 PM",Fanore surf!,Surfing,"First surf back, exhausting! ",3463,1.42,3,false,,activities/3912241209.fit.gz,,,3463.0,1668.0,1426.300048828125,5.900000095367432,0.8550959229469299,99.0,85.0,-125.0,-1.399999976158142,50.0,-5.917408466339111,,,115.0,50.32352828979492,,90.66471862792969,,,259.0,,,3.0,,,,,,,,,,,0.0,,0.0,,1.0,,1593003648.0,2.0,14.470000267028809,14.470000267028809,10.710000038146973,0.7799999713897705,1021.2999877929688,2.930000066757202,2.930000066757202,242.0,0.0,1592972032.0,1593032960.0,0.11999999731779099,,,0.0,,0.7799999713897705,16093.0,5.0,323.3999938964844,,,,
3674290477,"Jun 26, 2020, 2:42:45 PM",Afternoon Walk,Walk,"",3926,5.23,7,false,Trail shoes,activities/3923095645.fit.gz,,,3926.0,3704.0,5232.89990234375,3.0999999046325684,1.4127700328826904,116.0,111.0,202.1999969482422,289.0,22.399999618530273,0.07643944770097733,,,122.0,60.06911849975586,,89.76912689208984,,,378.0,,,7.0,,,,,,,,,,,0.0,,0.0,,1.0,,1593180032.0,3.0,14.420000076293945,14.420000076293945,12.010000228881836,0.8500000238418579,1004.0,3.6700000762939453,3.930000066757202,252.0,0.0,1593144704.0,1593205888.0,0.20000000298023224,,6418189.0,0.0,,0.9599999785423279,16093.0,4.0,343.3999938964844,,,,
3688863614,"Jun 29, 2020, 4:27:35 PM",Wk 10 - Easy Run,Run,"",1707,4.82,15,false,Distance Shoes,activities/3939019411.fit.gz,,,1707.0,1681.0,4828.60009765625,3.799999952316284,2.8724567890167236,42.0,38.0,7.400000095367432,48.599998474121094,28.799999237060547,0.10769166797399521,,,89.0,81.62948608398438,,136.70672607421875,,,331.0,,,15.0,,,,,,,,,,,0.0,,0.0,,1.0,4921.2001953125,1593446400.0,3.0,13.289999961853027,13.289999961853027,11.359999656677246,0.8799999952316284,1007.5999755859375,9.140000343322754,13.760000228881836,272.0,0.0,1593404032.0,1593464960.0,0.3100000023841858,,6016478.0,0.0,,1.0,16093.0,3.0,326.20001220703125,,,,
3694821938,"Jun 30, 2020, 7:00:18 PM",Wk 10 supersets,Run,A bit sluggish after a week off. Nice to see people back out training!,3547,9.64,65,false,Distance Shoes,activities/3945509462.fit.gz,,,3547.0,3452.0,9644.599609375,5.900000095367432,2.7939164638519287,14.0,11.0,-6.400000095367432,9.0,32.79999923706055,0.10783236473798752,,,101.0,82.09075164794922,,148.27163696289062,,,711.0,,,65.0,,,,,,,,,,,0.0,,0.0,,1.0,9758.2001953125,1593543552.0,3.0,13.800000190734863,13.800000190734863,9.9399995803833,0.7799999713897705,1002.5,2.9100000858306885,3.059999942779541,272.0,0.0,1593490432.0,1593551232.0,0.3400000035762787,,6016478.0,0.0,,1.0,16093.0,0.0,349.70001220703125,,,,
3698671432,"Jul 1, 2020, 12:48:14 PM",Doolin to cliffs of moher and back,Walk,Never seen the cliffs as quiet!,15331,17.34,29,false,Trail shoes,activities/3949757584.fit.gz,,,15331.0,13456.0,17348.80078125,2.4000000953674316,1.289298415184021,365.0,373.0,0.20000000298023224,180.60000610351562,44.400001525878906,0.06801623106002808,,,124.0,59.2587776184082,,92.47859191894531,,,1359.0,,,29.0,,,,,,3.0,,,,,0.0,112.0,0.0,,1.0,,1593604864.0,2.0,15.489999771118164,15.489999771118164,14.140000343322754,0.9200000166893005,1005.2999877929688,3.2799999713897705,3.2799999713897705,281.0,0.0,1593577088.0,1593637632.0,0.3799999952316284,,6418189.0,0.0,,0.800000011920929,16093.0,4.0,353.1000061035156,,,,
3717493743,"Jul 4, 2020, 3:39:36 PM",Afternoon Run,Run,,3409,9.51,59,false,Distance Shoes,activities/3970203632.fit.gz,,,3409.0,3334.0,9510.0,4.400000095367432,2.8524296283721924,52.0,38.0,15.0,30.600000381469727,18.5,0.033648788928985596,,,118.0,79.00959777832031,,146.46981811523438,,,704.0,,,59.0,,,,,,,,,,,,,0.0,,1.0,9643.2001953125,1593874816.0,3.0,15.380000114440918,15.380000114440918,13.84000015258789,0.9100000262260437,1005.0,8.100000381469727,13.569999694824219,233.0,0.0,1593836160.0,1593896832.0,0.49000000953674316,,6016478.0,0.0,,0.9900000095367432,16093.0,3.0,315.8999938964844,,,,
3722128798,"Jul 6, 2020, 1:45:03 PM",Lahinch surf,Surfing,"",4273,2.65,14,false,,activities/3975286399.fit.gz,,,4273.0,2751.0,2658.60009765625,7.199999809265137,0.9664121866226196,83.0,105.0,-65.0,1.0,49.5,-1.2412548065185547,,,,,,121.00958251953125,,,613.0,,,14.0,,,,,,,,,,,0.0,,0.0,,1.0,,1594040448.0,1.0,15.100000381469727,15.100000381469727,10.460000038146973,0.7400000095367432,1025.800048828125,6.639999866485596,7.150000095367432,289.0,0.0,1594009344.0,1594069504.0,0.5600000023841858,,,0.0,,0.20999999344348907,16093.0,6.0,332.20001220703125,,,,
3731607258,"Jul 8, 2020, 11:07:34 AM",Lahinch surfing,Surfing,"",4929,3.30,6,false,,activities/3985651513.fit.gz,,,4929.0,2548.0,3304.89990234375,5.900000095367432,1.2970565557479858,169.0,174.0,-33.20000076293945,18.600000381469727,49.20000076293945,-0.24811643362045288,,,,,,97.0678482055664,,,491.0,,,6.0,,,,,,,,,,,0.0,,0.0,,1.0,,1594205952.0,5.0,14.420000076293945,14.420000076293945,12.539999961853027,0.8799999952316284,1013.5999755859375,2.7200000286102295,4.519999980926514,108.0,0.59579998254776,1594182272.0,1594242176.0,0.6200000047683716,,,1.0,5.0,1.0,13765.0,4.0,319.1000061035156,,,,
3734008350,"Jul 8, 2020, 7:40:31 PM",Wk 11 easy run,Run,"",2252,6.44,44,false,Distance Shoes,activities/3988209868.fit.gz,,,2252.0,2172.0,6439.39990234375,4.400000095367432,2.9647328853607178,46.0,57.0,77.4000015258789,127.19999694824219,11.399999618530273,-0.1087057814002037,,,88.0,81.55634307861328,,148.42376708984375,,,502.0,,,44.0,,,,,,,,,,,0.0,,0.0,,1.0,6531.10009765625,1594234752.0,5.0,16.3700008392334,16.559999465942383,15.640000343322754,0.949999988079071,1009.7000122070312,3.559999942779541,7.829999923706055,232.0,0.1746000051498413,1594182144.0,1594241920.0,0.6200000047683716,,6016478.0,1.0,5.0,1.0,16093.0,0.0,323.70001220703125,,,,
3734008580,"Jul 8, 2020, 8:19:25 PM",Night Run,Run,,589,1.32,8,false,Distance Shoes,activities/3988210104.fit.gz,,,589.0,546.0,1325.0999755859375,4.099999904632568,2.4269230365753174,4.0,0.0,80.19999694824219,90.4000015258789,4.400000095367432,0.6641008257865906,,,88.0,78.5450668334961,,139.83526611328125,,,109.0,,,8.0,,,,,,,,,,,,,0.0,,1.0,1352.4000244140625,1594238464.0,3.0,15.489999771118164,15.59000015258789,14.8100004196167,0.9599999785423279,1009.5,3.5299999713897705,8.9399995803833,231.0,0.0,1594182144.0,1594241920.0,0.6200000047683716,,6016478.0,0.0,,1.0,16093.0,0.0,325.0,,,,
3737544717,"Jul 9, 2020, 3:25:47 PM",Step hike,Walk,"",4625,5.21,9,false,Trail shoes,activities/3992101040.fit.gz,,,4625.0,4103.0,5210.2998046875,3.5,1.2698756456375122,226.0,229.0,323.20001220703125,485.3999938964844,49.20000076293945,-0.07677101343870163,,,124.0,61.44221115112305,,94.1048583984375,,,440.0,,,9.0,,,,,,,,,,,0.0,,0.0,,1.0,,1594306816.0,2.0,15.0600004196167,15.0600004196167,10.520000457763672,0.7400000095367432,1016.0,4.860000133514404,5.860000133514404,345.0,0.0,1594268544.0,1594328192.0,0.6499999761581421,,6418189.0,0.0,,0.6700000166893005,16093.0,4.0,345.5,,,,
3745604222,"Jul 11, 2020, 10:51:47 AM",Lunch Activity,Surfing,,6941,2.85,9,false,,activities/4001106853.fit.gz,,,6941.0,3171.0,2850.39990234375,7.199999809265137,0.8988962769508362,378.0,392.0,-159.39999389648438,-26.799999237060547,50.0,-2.1330339908599854,,,,,,104.94992065429688,,,654.0,,,9.0,,,,,,,,,,,,,0.0,,1.0,,1594461568.0,2.0,14.819999694824219,14.819999694824219,8.4399995803833,0.6600000262260437,1029.0999755859375,1.6100000143051147,1.6100000143051147,192.0,0.0,1594441728.0,1594501248.0,0.7099999785423279,,,0.0,,0.5199999809265137,16093.0,4.0,338.70001220703125,,,,
3757058944,"Jul 13, 2020, 5:03:41 PM",Wk 12 - 1 mile time triall,Run,"",2562,5.83,25,false,Distance Shoes,activities/4013980998.fit.gz,,,2562.0,2386.0,5829.5,5.599999904632568,2.4432103633880615,18.0,18.0,20.600000381469727,29.200000762939453,38.900001525878906,0.02401578240096569,,,95.0,76.17698669433594,,138.98873901367188,,,433.0,,,25.0,,,,,,,,,,,0.0,,0.0,,1.0,5928.5,1594659584.0,3.0,16.139999389648438,16.139999389648438,11.550000190734863,0.7400000095367432,1021.7000122070312,5.510000228881836,6.389999866485596,350.0,0.0,1594614400.0,1594674048.0,0.7799999713897705,,6016478.0,0.0,,0.9399999976158142,16093.0,2.0,332.6000061035156,,,,
3762782633,"Jul 14, 2020, 6:55:30 PM",Wk 12 - pace repeats,Run,"",2696,7.94,45,false,Distance Shoes,activities/4020397820.fit.gz,,,2696.0,2669.0,7948.5,4.0,2.978081703186035,4.0,4.0,-6.599999904632568,-2.4000000953674316,23.200000762939453,0.03271057456731796,,,88.0,82.30883026123047,,145.94003295898438,,,573.0,,,45.0,,,,,,4.0,,,,,0.0,29.0,0.0,,1.0,7989.5,1594749568.0,3.0,14.789999961853027,14.789999961853027,10.770000457763672,0.7699999809265137,1019.0999755859375,7.170000076293945,11.029999732971191,274.0,0.0,1594700928.0,1594760320.0,0.8100000023841858,,6016478.0,0.0,,0.9900000095367432,16093.0,1.0,299.0,,,,
3765645558,"Jul 15, 2020, 11:24:18 AM",Mam Ean walk,Walk,Cool little trail! Worth stopping off,3792,3.52,8,false,Distance Shoes,activities/4023605272.fit.gz,,,3792.0,3330.0,3528.5,1.7999999523162842,1.0596096515655518,172.0,174.0,85.5999984741211,258.79998779296875,47.79999923706055,-0.14737141132354736,,,124.0,58.694305419921875,,99.72481536865234,,,356.0,,,8.0,,,,,,,,,,,0.0,,0.0,,1.0,,1594810752.0,3.0,14.289999961853027,14.289999961853027,13.029999732971191,0.9200000166893005,1019.5999755859375,4.980000019073486,10.0,291.0,0.0,1594787456.0,1594846848.0,0.8399999737739563,,6016478.0,0.0,,1.0,16093.0,4.0,311.1000061035156,,,,
3771808214,"Jul 16, 2020, 4:22:57 PM",Wk 12 - tempo run,Run,"Warm up. 3 x 1 mile at pace, 5 min easy. Warm down",3748,10.00,66,false,Distance Shoes,activities/4030437533.fit.gz,,,3748.0,3721.0,9999.5,4.5,2.6873152256011963,73.0,65.0,-2.5999999046325684,45.599998474121094,13.100000381469727,-0.0200009997934103,,,92.0,80.18274688720703,,147.45822143554688,,,776.0,,,66.0,,,,,,,,,,,0.0,,0.0,,1.0,10179.7001953125,1594915200.0,3.0,15.670000076293945,15.670000076293945,14.079999923706055,0.8999999761581421,1022.4000244140625,7.340000152587891,10.600000381469727,245.0,0.0,1594873856.0,1594932992.0,0.8700000047683716,,6016478.0,0.0,,0.9100000262260437,16093.0,3.0,307.70001220703125,,,,
3786749848,"Jul 19, 2020, 6:50:37 AM",Warm up,Run,"",511,1.26,8,false,Distance Shoes,activities/4047189492.fit.gz,,,511.0,430.0,1267.0999755859375,3.799999952316284,2.946744203567505,38.0,0.0,14.399999618530273,53.0,14.0,3.0305421352386475,,,86.0,82.91626739501953,,148.10279846191406,,,99.0,,,8.0,,,,,,,,,,,0.0,,0.0,,1.0,1394.9000244140625,1595138432.0,1.0,10.630000114440918,10.630000114440918,7.679999828338623,0.8199999928474426,1022.4000244140625,1.399999976158142,2.299999952316284,29.0,0.0,1595133440.0,1595191936.0,0.9700000286102295,,6016478.0,0.0,,0.1899999976158142,16093.0,0.0,334.70001220703125,,,,
3786751567,"Jul 19, 2020, 7:01:48 AM",Wk12 Morning Run,Run,Glorious slightly hungover run in the burren,3175,8.39,64,false,Distance Shoes,activities/4047191105.fit.gz,,,3175.0,3044.0,8397.599609375,3.799999952316284,2.7587385177612305,82.0,120.0,11.399999618530273,61.599998474121094,14.600000381469727,-0.48108983039855957,,,123.0,79.54535675048828,,150.0125732421875,,,672.0,,,64.0,,,,,,,,,,,0.0,,0.0,,1.0,8454.7998046875,1595142016.0,1.0,11.010000228881836,11.010000228881836,7.610000133514404,0.800000011920929,1022.5999755859375,1.2699999809265137,2.049999952316284,19.0,0.0,1595133440.0,1595191936.0,0.9700000286102295,,6016478.0,0.0,,0.20000000298023224,16093.0,1.0,335.8999938964844,,,,
3786860777,"Jul 19, 2020, 3:45:40 PM",Fanore walk,Walk,"",4584,2.64,10,false,Trail shoes,activities/4047311986.fit.gz,,,4584.0,3489.0,2642.199951171875,1.600000023841858,0.7572943568229675,187.0,215.0,21.0,236.39999389648438,49.5,-0.44659754633903503,,,105.0,57.80617141723633,,109.516845703125,,,449.0,,,10.0,,,,,,,,,,,0.0,,0.0,,1.0,,1595170816.0,1.0,15.600000381469727,15.600000381469727,8.010000228881836,0.6100000143051147,1023.7999877929688,5.03000020980835,5.099999904632568,292.0,0.0,1595133440.0,1595191936.0,0.9700000286102295,,6418189.0,0.0,,0.27000001072883606,16093.0,4.0,347.79998779296875,,,,
3790547354,"Jul 20, 2020, 1:44:30 PM",Wk 13 - easy run,Run,Very easy run. Shin a bit sore. Rest day tomorrow!,3069,6.25,22,false,Distance Shoes,activities/4051486012.fit.gz,,,3069.0,2959.0,6256.60009765625,3.9000000953674316,2.1144306659698486,69.0,66.0,-14.199999809265137,48.599998474121094,19.0,0.019179746508598328,,,116.0,73.0519027709961,,131.95895385742188,,,502.0,,,22.0,,,,,,,,,,,0.0,,0.0,,1.0,6414.7001953125,1595250048.0,2.0,15.119999885559082,15.119999885559082,7.789999961853027,0.6200000047683716,1026.9000244140625,3.130000114440918,3.130000114440918,232.0,0.0,1595219840.0,1595278208.0,0.0,,6016478.0,0.0,,0.4000000059604645,16093.0,6.0,331.5,,,,
3795366491,"Jul 21, 2020, 10:39:28 AM",Lunch Walk,Walk,,3076,4.55,6,false,Distance Shoes,activities/4056827563.fit.gz,,,3076.0,3076.0,4549.2998046875,2.200000047683716,1.478966236114502,34.0,32.0,14.199999809265137,48.400001525878906,20.299999237060547,-0.01758512295782566,,,79.0,61.43898010253906,,89.4859848022461,,,302.0,,,6.0,,,,,,,,,,,,,0.0,,1.0,,1595325568.0,2.0,15.640000343322754,15.640000343322754,9.890000343322754,0.6899999976158142,1027.0,3.5299999713897705,4.090000152587891,225.0,0.0,1595306240.0,1595364608.0,0.03999999910593033,,6016478.0,0.0,,0.550000011920929,16093.0,4.0,322.8999938964844,,,,
3801821525,"Jul 22, 2020, 5:16:03 PM",Evening Run,Run,,1818,4.56,25,false,Distance Shoes,activities/4064027432.fit.gz,,,1818.0,1729.0,4568.0,5.199999809265137,2.6419897079467773,20.0,18.0,44.79999923706055,58.599998474121094,24.399999618530273,-0.1663747876882553,,,97.0,79.88928985595703,,145.14173889160156,,,342.0,,,25.0,,,,,,,,,,,,,0.0,,1.0,4674.10009765625,1595437184.0,3.0,17.06999969482422,17.06999969482422,14.550000190734863,0.8500000238418579,1019.4000244140625,4.980000019073486,9.699999809265137,241.0,0.0,1595392768.0,1595450624.0,0.07999999821186066,,6016478.0,0.0,,0.8999999761581421,16093.0,2.0,314.5,,,,
3818807075,"Jul 23, 2020, 6:25:26 PM",Evening Run,Run,,2483,5.57,20,false,Distance Shoes,activities/4083706252.fit.gz,,,2483.0,2478.0,5574.2998046875,4.300000190734863,2.2495157718658447,57.0,57.0,55.20000076293945,74.0,26.299999237060547,-0.035878945142030716,,,93.0,79.87921905517578,,135.28463745117188,,,440.0,,,20.0,,,,,,,,,,,,,0.0,,1.0,5760.89990234375,1595527168.0,2.0,18.100000381469727,18.100000381469727,12.680000305175781,0.7099999785423279,1013.9000244140625,4.489999771118164,6.039999961853027,292.0,0.0,1595479296.0,1595536896.0,0.10999999940395355,,6016478.0,0.0,,0.3799999952316284,16093.0,1.0,324.20001220703125,,,,
3818807844,"Jul 24, 2020, 10:39:54 AM",Gap of dunloe,Hike,"",9575,11.68,18,false,Trail shoes,activities/4083710697.fit.gz,,,9575.0,7810.0,11679.0,2.5,1.49539053440094,275.79998779296875,213.0,58.0,236.0,47.900001525878906,0.032537031918764114,,,124.0,61.594459533691406,,95.25878143310547,,,822.0,,,18.0,,,,,,,,,,,0.0,,0.0,,1.0,12535.5,1595584768.0,5.0,16.610000610351562,16.700000762939453,15.109999656677246,0.9100000262260437,1010.0,4.550000190734863,9.380000114440918,191.0,0.3961000144481659,1595566208.0,1595623296.0,0.15000000596046448,,6418189.0,0.5400000214576721,5.0,1.0,16093.0,3.0,317.29998779296875,,,,
3818819364,"Jul 26, 2020, 11:48:26 AM",Mt Brandon hike,Walk,Turned back once the fog came in,11284,8.17,27,false,Trail shoes,activities/4083723397.fit.gz,,,11284.0,9270.0,8177.0,3.5999999046325684,0.8820927739143372,545.0,568.0,164.0,712.5999755859375,48.900001525878906,-0.3130732476711273,,,120.0,57.17910385131836,,106.04023742675781,,,1075.0,,,27.0,,,,,,,,,,,0.0,,0.0,,1.0,,1595761152.0,2.0,15.0,15.0,12.220000267028809,0.8299999833106995,1008.5999755859375,4.429999828338623,6.400000095367432,187.0,0.15399999916553497,1595739264.0,1595796096.0,0.2199999988079071,,6418189.0,0.17000000178813934,5.0,0.8100000023841858,16093.0,4.0,332.1000061035156,,,,
3849200280,"Aug 1, 2020, 3:18:33 PM",Afternoon Walk,Walk,,5384,4.93,9,false,Distance Shoes,activities/4118315282.fit.gz,,,5384.0,4033.0,4932.60009765625,3.0,1.2230597734451294,112.0,105.0,3.4000000953674316,67.5999984741211,47.20000076293945,0.11353038996458054,,,120.0,58.6922492980957,,95.67877197265625,,,467.0,,,9.0,,,,,,,,,,,,,0.0,,1.0,,,,,,,,,,,,,,,,,6016478.0,,,,,,,,,,
3869574241,"Aug 5, 2020, 6:21:38 PM",Galway bay swim 1,Swim,Day 1: 500/13000,1161,535,2,false,,activities/4140773654.fit.gz,,,1161.0,1161.0,534.5999755859375,1.2999999523162842,0.46046510338783264,9.800000190734863,45.0,-13.0,28.399999618530273,32.29999923706055,-6.060606002807617,,,74.0,51.0,,95.16963958740234,,,99.0,,,2.0,,,,,,,,,,,0.0,,0.0,,1.0,,1596650368.0,2.0,16.56999969482422,16.56999969482422,10.59000015258789,0.6800000071525574,1008.5,5.940000057220459,8.550000190734863,250.0,0.0,1596603776.0,1596659072.0,0.5699999928474426,,,0.0,,0.6200000047683716,16093.0,1.0,312.29998779296875,,,,
3872685933,"Aug 6, 2020, 11:20:17 AM",Swim 2,Swim,Swim 2: 1300/13000,1473,852,4,false,,activities/4144194006.fit.gz,,,1473.0,1473.0,852.0999755859375,1.2999999523162842,0.5784792900085449,3.5999999046325684,25.0,-36.400001525878906,-11.399999618530273,6.300000190734863,-2.5114424228668213,,,77.0,58.64761734008789,,98.6220703125,,,121.0,,,4.0,,,,,,,,,,,0.0,,0.0,,1.0,,1596711552.0,2.0,18.329999923706055,18.770000457763672,17.959999084472656,0.9800000190734863,1010.5,6.059999942779541,8.640000343322754,168.0,0.0,1596690176.0,1596745344.0,0.6000000238418579,,,0.0,,0.6299999952316284,16093.0,4.0,310.8999938964844,,,,
3879429375,"Aug 7, 2020, 7:07:00 PM",Evening Run,Run,,1653,4.82,30,false,Distance Shoes,activities/4151560100.fit.gz,,,1653.0,1489.0,4826.0,5.199999809265137,3.2411015033721924,39.0,41.0,4.400000095367432,43.400001525878906,11.300000190734863,-0.29009532928466797,,,87.0,83.02171325683594,,148.5812530517578,,,343.0,,,30.0,,,,,,,,,,,,,0.0,,1.0,4909.60009765625,1596826752.0,1.0,17.40999984741211,17.40999984741211,12.1899995803833,0.7099999785423279,1020.2000122070312,3.799999952316284,4.71999979019165,307.0,0.0,1596776704.0,1596831360.0,0.6299999952316284,,6016478.0,0.0,,0.18000000715255737,16093.0,0.0,326.8999938964844,,,,
3882385015,"Aug 8, 2020, 12:01:28 PM",Afternoon Activity,Workout,,1163,0.50,1,false,,activities/4154807093.fit.gz,,,1163.0,843.0,508.70001220703125,1.0,0.6034401059150696,3.0,9.0,-26.200000762939453,28.0,43.099998474121094,9.160605430603027,,,71.0,65.0,,84.3548812866211,,,36.0,,,1.0,,,,,,,,,,,,,0.0,,1.0,,1596888064.0,2.0,19.3799991607666,19.3799991607666,13.789999961853027,0.699999988079071,1024.5,1.3200000524520874,1.8899999856948853,81.0,0.0,1596863104.0,1596917760.0,0.6600000262260437,,,0.0,,0.38999998569488525,16093.0,5.0,322.79998779296875,,,,
3887861927,"Aug 9, 2020, 12:12:54 PM",Afternoon Walk,Walk,"",4371,6.00,10,false,Other,activities/4160826053.fit.gz,,,4371.0,4333.0,5999.2998046875,2.200000047683716,1.3845603466033936,56.0,51.0,72.0,120.5999984741211,39.79999923706055,0.5667327642440796,,,121.0,59.46385192871094,,98.81047821044922,,,396.0,,,10.0,,,,,,,,,,,0.0,,0.0,,1.0,,1596974336.0,1.0,20.6299991607666,20.6299991607666,13.649999618530273,0.6399999856948853,1021.2000122070312,1.690000057220459,1.690000057220459,6.0,0.0,1596949632.0,1597004032.0,0.6899999976158142,,6016516.0,0.0,,0.14000000059604645,16093.0,6.0,307.1000061035156,,,,
3889146513,"Aug 9, 2020, 5:10:58 PM",Evening Activity,Workout,,1467,0.64,1,false,,activities/4162240923.fit.gz,,,1467.0,1011.0,641.2000122070312,1.7000000476837158,0.6342235207557678,0.0,13.0,13.600000381469727,26.399999618530273,4.300000190734863,-1.9026824235916138,,,77.0,58.104347229003906,,82.94806671142578,,,55.0,,,1.0,,,,,,,,,,,,,0.0,,1.0,,1596992384.0,1.0,22.68000030517578,22.68000030517578,14.289999961853027,0.5899999737739563,1019.7000122070312,1.75,1.840000033378601,6.0,0.0,1596949632.0,1597004032.0,0.6899999976158142,,,0.0,,0.3100000023841858,16093.0,2.0,306.5,,,,
3898729491,"Aug 11, 2020, 6:15:31 PM",Evening Activity,Swim,"",1158,340,2,false,,activities/4172738402.fit.gz,,,1158.0,1158.0,340.1000061035156,0.699999988079071,0.29369601607322693,2.5999999046325684,20.0,-24.200000762939453,-2.200000047683716,23.399999618530273,-6.292266845703125,,,59.0,56.191490173339844,,96.07891845703125,,,32.0,,,2.0,,,,,,,,,,,0.0,,0.0,,1.0,,1597168768.0,2.0,19.200000762939453,19.229999542236328,15.399999618530273,0.7900000214576721,1017.4000244140625,3.5,3.7899999618530273,270.0,0.0,1597122688.0,1597176832.0,0.75,,,0.0,,0.44999998807907104,16093.0,1.0,317.3999938964844,,,,
3908234403,"Aug 13, 2020, 5:10:15 PM",Evening Run,Run,,2999,7.68,51,false,Distance Shoes,activities/4183041530.fit.gz,,,2999.0,2870.0,7683.5,4.300000190734863,2.677177667617798,55.0,50.0,17.600000381469727,70.4000015258789,24.0,0.13275200128555298,,,124.0,77.18140411376953,,146.4659881591797,,,588.0,,,51.0,,,,,,,,,,,,,0.0,,1.0,7818.7001953125,1597337984.0,3.0,21.719999313354492,21.969999313354492,17.600000381469727,0.7699999809265137,1014.5999755859375,3.569999933242798,5.599999904632568,63.0,0.0,1597295744.0,1597349376.0,0.8199999928474426,,6016478.0,0.0,,0.9300000071525574,16093.0,2.0,282.8999938964844,,,,
3910969794,"Aug 14, 2020, 9:25:41 AM",Morning swim,Swim,"",2074,998,3,false,,activities/4186017511.fit.gz,,,2074.0,2074.0,997.7000122070312,1.899999976158142,0.48105111718177795,74.19999694824219,44.0,-11.0,33.400001525878906,49.599998474121094,3.1071465015411377,,,86.0,59.41891860961914,,79.8348159790039,,,82.0,,,3.0,,,,,,,,,,,0.0,,0.0,,1.0,,1597395584.0,3.0,18.1299991607666,18.40999984741211,16.84000015258789,0.9200000166893005,1016.0,4.059999942779541,5.650000095367432,68.0,0.0,1597382272.0,1597435648.0,0.8500000238418579,,,0.0,,0.8799999952316284,16093.0,2.0,293.70001220703125,,,,
3912697458,"Aug 14, 2020, 4:04:08 PM",Afternoon Run,Run,,4878,12.87,179,false,Distance Shoes,activities/4187904045.fit.gz,,,4878.0,4644.0,12873.599609375,5.5,2.7720930576324463,89.0,85.0,11.399999618530273,70.5999984741211,20.5,0.010874968953430653,,,122.0,80.33043670654297,,164.6363067626953,,,1071.0,,,179.0,,,,,,,,,,,,,0.0,,1.0,13031.5,1597420800.0,2.0,22.25,22.43000030517578,17.110000610351562,0.7300000190734863,1015.2000122070312,3.2899999618530273,4.320000171661377,81.0,0.0,1597382272.0,1597435648.0,0.8500000238418579,,6016478.0,0.0,,0.7200000286102295,16093.0,3.0,289.70001220703125,,,,
3912749349,"Aug 14, 2020, 5:27:18 PM",Evening Walk,Walk,,669,0.69,3,false,Distance Shoes,activities/4187961225.fit.gz,,,669.0,652.0,698.5999755859375,1.899999976158142,1.071472406387329,0.0,4.0,54.400001525878906,59.599998474121094,9.699999809265137,-0.48668766021728516,,,64.0,60.19877624511719,,127.6790771484375,,,114.0,,,3.0,,,,,,,,,,,,,0.0,,1.0,,1597424384.0,2.0,22.079999923706055,22.299999237060547,17.40999984741211,0.75,1015.5,3.130000114440918,4.130000114440918,88.0,0.0,1597382272.0,1597435648.0,0.8500000238418579,,6016478.0,0.0,,0.8100000023841858,16093.0,1.0,290.8999938964844,,,,
3917747456,"Aug 15, 2020, 4:59:44 PM",Afternoon Run,Run,,2431,6.43,46,false,Distance Shoes,activities/4193425227.fit.gz,,,2431.0,2372.0,6438.39990234375,3.9000000953674316,2.714334011077881,60.0,58.0,49.20000076293945,87.80000305175781,17.200000762939453,0.009319085627794266,,,110.0,78.05419921875,,147.8507537841797,,,525.0,,,46.0,,,,,,,,,,,,,0.0,,1.0,6578.7998046875,1597507200.0,2.0,22.81999969482422,22.940000534057617,16.700000762939453,0.6800000071525574,1014.2000122070312,2.630000114440918,3.440000057220459,86.0,0.0,1597468800.0,1597521920.0,0.8799999952316284,,6016478.0,0.0,,0.6100000143051147,13704.0,3.0,293.79998779296875,,,,
3922958384,"Aug 16, 2020, 5:27:41 PM",Evening Activity,Workout,,1261,0.50,1,false,,activities/4199076718.fit.gz,,,1261.0,715.0,502.1000061035156,1.2999999523162842,0.7022377848625183,31.0,31.0,-30.0,14.0,24.200000762939453,-3.306114435195923,,,54.0,50.400001525878906,,95.53148651123047,,,95.0,,,1.0,,,,,,,,,,,,,0.0,,1.0,,1597597184.0,3.0,18.229999542236328,18.229999542236328,13.850000381469727,0.7599999904632568,1010.7000122070312,1.9199999570846558,1.9600000381469727,71.0,0.0,1597555328.0,1597608448.0,0.9200000166893005,,,0.0,,0.8999999761581421,16093.0,1.0,308.8999938964844,,,,
3927557478,"Aug 17, 2020, 6:35:06 PM",Evening Activity,Workout,,1847,0.88,2,false,,activities/4204138120.fit.gz,,,1847.0,1618.0,885.4000244140625,1.399999976158142,0.5472187995910645,20.0,26.0,-4.400000095367432,32.400001525878906,40.900001525878906,3.546419620513916,,,77.0,48.6315803527832,,71.9571304321289,,,72.0,,,2.0,,,,,,,,,,,,,0.0,,1.0,,1597687168.0,5.0,16.979999542236328,17.040000915527344,15.050000190734863,0.8799999952316284,1004.7999877929688,1.6200000047683716,2.059999942779541,228.0,0.59579998254776,1597641728.0,1597694464.0,0.949999988079071,,,1.0,5.0,1.0,5454.0,1.0,310.6000061035156,,,,
3931886403,"Aug 18, 2020, 4:11:17 PM",Afternoon Run,Run,,4611,10.68,56,false,Distance Shoes,activities/4208877804.fit.gz,,,4611.0,4461.0,10687.0,4.699999809265137,2.39565110206604,67.0,67.0,13.199999809265137,60.20000076293945,23.5,-0.0018714325269684196,,,113.0,74.97050476074219,,139.42022705078125,,,798.0,,,56.0,,,,,,,,,,,,,0.0,,1.0,10807.2001953125,1597766400.0,1.0,18.510000228881836,18.510000228881836,14.350000381469727,0.7699999809265137,1004.5,5.639999866485596,6.610000133514404,245.0,0.0,1597728256.0,1597780736.0,0.9900000095367432,,6016478.0,0.0,,0.20999999344348907,16093.0,3.0,311.70001220703125,,,,
3958964970,"Aug 22, 2020, 1:33:51 PM",Afternoon Walk,Walk,,5406,4.12,14,false,Distance Shoes,activities/4237898501.fit.gz,,,5406.0,4619.0,4128.5,2.9000000953674316,0.8938081860542297,192.0,188.0,79.80000305175781,192.60000610351562,50.0,2.490008592605591,,,111.0,57.202632904052734,,109.48588562011719,,,535.0,,,14.0,,,,,,,,,,,,,0.0,,1.0,,1598101248.0,8.0,16.530000686645508,16.530000686645508,12.239999771118164,0.7599999904632568,1012.2999877929688,12.210000038146973,15.829999923706055,213.0,0.03220000118017197,1598074624.0,1598125696.0,0.14000000059604645,,6016478.0,0.07999999821186066,5.0,0.6200000047683716,16093.0,4.0,326.79998779296875,,,,
3958966351,"Aug 23, 2020, 12:26:23 PM",Afternoon Walk,Walk,,5444,5.02,9,false,Distance Shoes,activities/4237899856.fit.gz,,,5444.0,4152.0,5024.10009765625,2.700000047683716,1.2100433111190796,115.0,114.0,-2.200000047683716,56.79999923706055,38.099998474121094,-0.019904062151908875,,,118.0,57.68751907348633,,94.23042297363281,,,462.0,,,9.0,,,,,,,,,,,,,0.0,,1.0,,1598183936.0,3.0,17.229999542236328,17.229999542236328,12.029999732971191,0.7099999785423279,1019.7999877929688,7.809999942779541,10.210000038146973,263.0,0.0,1598161024.0,1598211840.0,0.18000000715255737,,6016478.0,0.0,,0.9300000071525574,16093.0,4.0,309.20001220703125,,,,
3971933391,"Aug 27, 2020, 7:19:34 AM",Morning Swim,Swim,,2670,"1,500",,false,,activities/4251712501.fit.gz,,,2670.0,2117.0,1500.0,0.8999999761581421,0.7085498571395874,0.0,,,,0.0,0.0,,,,23.0,,,,,312.0,,,,,,,,,,,,,,,,0.0,,1.0,,,,,,,,,,,,,,,,,,,,,,,,,,,
3977672797,"Aug 28, 2020, 1:51:19 PM",Afternoon Activity,Workout,,856,0.45,0,false,,activities/4257822348.fit.gz,,,856.0,690.0,453.29998779296875,1.100000023841858,0.6569564938545227,10.0,15.0,-9.600000381469727,12.199999809265137,22.200000762939453,3.000220537185669,,,51.0,50.588233947753906,,70.82861328125,,,28.0,,,0.0,,,,,,,,,,,,,0.0,,1.0,,1598619648.0,2.0,17.579999923706055,17.579999923706055,12.880000114440918,0.7400000095367432,1010.9000244140625,7.46999979019165,8.9399995803833,13.0,0.0,1598593280.0,1598643328.0,0.36000001430511475,,,0.0,,0.5400000214576721,16093.0,4.0,327.5,,,,
3983195548,"Aug 29, 2020, 11:47:25 AM",Lunch Walk,Walk,,7350,5.71,11,false,Distance Shoes,activities/4263746420.fit.gz,,,7350.0,5475.0,5717.0,2.9000000953674316,1.0442008972167969,48.0,49.0,33.599998474121094,53.599998474121094,49.20000076293945,-0.09795346856117249,,,79.0,54.588775634765625,,91.9068603515625,,,569.0,,,11.0,,,,,,,,,,,,,0.0,,1.0,,1598698752.0,2.0,13.979999542236328,13.979999542236328,7.889999866485596,0.6700000166893005,1021.0,7.389999866485596,10.710000038146973,0.0,0.0,1598679936.0,1598729856.0,0.38999998569488525,,6016478.0,0.0,,0.38999998569488525,16093.0,3.0,323.70001220703125,,,,
3990038055,"Aug 31, 2020, 6:58:32 AM",Morning Swim,Swim,,3562,"2,000",,false,,activities/4271112313.fit.gz,,,3562.0,2610.0,2000.0,2.0999999046325684,0.7662835121154785,0.0,,,,0.0,0.0,,,,23.0,,,,,410.0,,,,,,,,,,,,,,,,0.0,,1.0,,,,,,,,,,,,,,,,,,,,,,,,,,,
3997871045,"Sep 1, 2020, 6:44:04 PM",Evening Run,Run,,4246,10.11,73,false,Distance Shoes,activities/4279470150.fit.gz,,,4246.0,3652.0,10116.5,6.199999809265137,2.7701258659362793,16.0,18.0,1.600000023841858,13.199999809265137,19.399999618530273,-0.003953936509788036,,,113.0,80.26876068115234,,147.78233337402344,,,757.0,,,73.0,,,,,,,,,,,,,0.0,,1.0,10174.400390625,1598983168.0,3.0,16.020000457763672,16.020000457763672,11.6899995803833,0.75,1014.7999877929688,4.559999942779541,6.480000019073486,223.0,0.0,1598939264.0,1598988416.0,0.49000000953674316,,6016478.0,0.0,,0.9399999976158142,16093.0,0.0,287.6000061035156,,,,
4004400805,"Sep 3, 2020, 7:05:04 AM",Morning Swim,Swim,,3368,"2,025",,false,,activities/4286404202.fit.gz,,,3368.0,2628.0,2025.0,1.7999999523162842,0.7705479264259338,0.0,,,,0.0,0.0,,,,23.0,,,,,418.0,,,,,,,,,,,,,,,,0.0,,1.0,,,,,,,,,,,,,,,,,,,,,,,,,,,
4010511253,"Sep 4, 2020, 2:43:45 PM",Afternoon Run,Run,,615,2.00,6,false,Distance Shoes,activities/4292887023.fit.gz,,,615.0,540.0,2008.9000244140625,5.0,3.7201852798461914,6.0,37.0,20.399999618530273,58.0,16.399999618530273,-1.3639304637908936,,,93.0,86.74703216552734,,139.48141479492188,,,113.0,,,6.0,,,,,,,,,,,,,0.0,,1.0,1976.5999755859375,1599228032.0,5.0,15.300000190734863,15.300000190734863,11.859999656677246,0.800000011920929,1019.7000122070312,8.4399995803833,10.59000015258789,352.0,0.10509999841451645,1599198848.0,1599247232.0,0.5799999833106995,,6016478.0,1.0,5.0,0.5,16093.0,3.0,333.5,,,,
4025965247,"Sep 7, 2020, 3:20:03 PM",Afternoon Run,Run,Long easy rainy run. First session of new program!,5063,12.94,83,false,Distance Shoes,activities/4309047527.fit.gz,,,5063.0,4510.0,12940.099609375,4.199999809265137,2.86920166015625,99.0,97.0,-0.6000000238418579,59.0,21.100000381469727,0.015455830842256546,,,89.0,81.18057250976562,,145.63951110839844,,,1011.0,,,83.0,,,,,,,,,,,0.0,,0.0,,1.0,13134.7998046875,1599490816.0,3.0,16.75,16.790000915527344,14.829999923706055,0.8799999952316284,1020.5999755859375,7.760000228881836,12.149999618530273,247.0,0.0,1599458304.0,1599505920.0,0.6700000166893005,,6016478.0,0.0,,1.0,16093.0,2.0,264.3999938964844,,,,
4034668633,"Sep 9, 2020, 12:57:41 PM",Afternoon Run,Run,,3125,8.02,34,false,Distance Shoes,activities/4318225391.fit.gz,,,3125.0,2873.0,8026.0,5.300000190734863,2.793595552444458,28.0,26.0,-0.4000000059604645,11.399999618530273,25.0,-0.0722651407122612,,,93.0,79.59445190429688,,139.6481475830078,,,572.0,,,34.0,,,,,,,,,,,,,0.0,,1.0,8205.900390625,1599652864.0,2.0,16.479999542236328,16.479999542236328,11.25,0.7099999785423279,1027.9000244140625,5.619999885559082,6.940000057220459,290.0,0.0,1599631360.0,1599678464.0,0.7300000190734863,,6016478.0,0.0,,0.49000000953674316,16093.0,4.0,283.6000061035156,,,,
4038741455,"Sep 10, 2020, 10:40:54 AM",Lunch Run,Run,"",1509,4.14,19,false,Distance Shoes,activities/4322525220.fit.gz,,,1509.0,1486.0,4140.10009765625,5.099999904632568,2.786069869995117,14.0,20.0,1.399999976158142,24.600000381469727,13.800000190734863,0.1884012520313263,,,98.0,81.49959564208984,,141.53591918945312,,,295.0,,,19.0,,,,,,,,,,,0.0,,0.0,,1.0,4148.10009765625,1599731968.0,5.0,13.619999885559082,13.619999885559082,9.789999961853027,0.7799999713897705,1025.199951171875,3.430000066757202,5.25,213.0,0.11429999768733978,1599717760.0,1599764608.0,0.7599999904632568,,6016478.0,1.0,5.0,0.9300000071525574,16093.0,2.0,280.20001220703125,,,,
4058176817,"Sep 14, 2020, 10:15:19 AM",Lunch Activity,Surfing,,8094,4.49,38,false,,activities/4343104698.fit.gz,,,8094.0,4092.0,4492.60009765625,9.699999809265137,1.0978983640670776,318.0,315.0,-15.800000190734863,146.60000610351562,50.0,2.582023859024048,,,,,,131.11146545410156,,,1160.0,,,38.0,,,,,,,,,,,,,0.0,,1.0,,1600077568.0,3.0,16.200000762939453,16.510000228881836,16.200000762939453,1.0,1017.0,4.460000038146973,5.920000076293945,125.0,0.0,1600063872.0,1600109824.0,0.8999999761581421,,,0.0,,1.0,16093.0,2.0,282.0,,,,
4065158762,"Sep 15, 2020, 6:49:40 PM",Evening Run,Run,,3611,9.90,79,false,Distance Shoes,activities/4350443586.fit.gz,,,3611.0,3509.0,9901.2998046875,4.199999809265137,2.8216869831085205,33.0,42.0,-15.600000381469727,3.0,16.600000381469727,-0.13735570013523102,,,96.0,84.1716079711914,,150.5940704345703,,,772.0,,,79.0,,,,,,,,,,,,,0.0,,1.0,9979.7001953125,1600192768.0,2.0,18.899999618530273,18.93000030517578,15.359999656677246,0.800000011920929,1019.2999877929688,1.3300000429153442,1.3300000429153442,317.0,0.0,1600150272.0,1600195968.0,0.9399999976158142,,6016478.0,0.0,,0.46000000834465027,16093.0,0.0,288.20001220703125,,,,
4073115725,"Sep 17, 2020, 1:08:15 PM",Afternoon Run,Run,,3279,7.85,26,false,Distance Shoes,activities/4358833633.fit.gz,,,3279.0,3074.0,7856.7001953125,5.0,2.5558555126190186,56.0,46.0,19.0,62.79999923706055,16.899999618530273,0.08909592777490616,,,118.0,80.34674072265625,,129.039794921875,,,508.0,,,26.0,,,,,,,,,,,,,0.0,,1.0,7986.5,1600347648.0,2.0,20.200000762939453,20.329999923706055,16.360000610351562,0.7900000214576721,1027.300048828125,3.509999990463257,4.309999942779541,127.0,0.0,1600323328.0,1600368512.0,0.009999999776482582,,6016478.0,0.0,,0.49000000953674316,16093.0,4.0,271.0,,,,
4081455521,"Sep 19, 2020, 9:35:22 AM",Morning Run,Run,,6150,15.98,144,false,Distance Shoes,activities/4367652062.fit.gz,,,6150.0,5729.0,15980.2998046875,4.199999809265137,2.789369821548462,103.0,100.0,0.20000000298023224,39.20000076293945,21.700000762939453,-0.003754622768610716,,,97.0,84.40220642089844,,152.50384521484375,,,1308.0,,,144.0,,,,,,,,,,,,,0.0,,1.0,16173.5,1600505984.0,2.0,11.25,11.25,8.170000076293945,0.8100000023841858,1022.7999877929688,5.929999828338623,10.210000038146973,58.0,0.0,1600496384.0,1600540928.0,0.09000000357627869,,6016478.0,0.0,,0.7200000286102295,16093.0,1.0,266.1000061035156,,,,
4091734186,"Sep 21, 2020, 10:56:01 AM",Lunch Walk,Walk,,4360,6.18,9,false,Distance Shoes,activities/4378584476.fit.gz,,,4360.0,4237.0,6179.39990234375,3.5999999046325684,1.4584375619888306,40.0,38.0,12.600000381469727,83.19999694824219,30.299999237060547,-0.3786775469779968,,,75.0,61.54239273071289,,93.03897094726562,,,376.0,,,9.0,,,,,,,,,,,,,0.0,,1.0,,1600682368.0,2.0,13.609999656677246,13.609999656677246,10.5600004196167,0.8199999928474426,1018.4000244140625,4.130000114440918,6.019999980926514,234.0,0.0,1600669440.0,1600713600.0,0.17000000178813934,,6016478.0,0.0,,0.5600000023841858,16093.0,2.0,254.8000030517578,,,,
4101585490,"Sep 23, 2020, 12:47:45 PM",Afternoon Walk,Walk,,4835,6.88,10,false,Distance Shoes,activities/4388939829.fit.gz,,,4835.0,4767.0,6879.60009765625,3.799999952316284,1.4431718587875366,54.0,47.0,7.199999809265137,62.20000076293945,19.0,0.05814291536808014,,,122.0,61.12795639038086,,93.2735366821289,,,445.0,,,10.0,,,,,,,,,,,,,0.0,,1.0,,1600862464.0,2.0,12.630000114440918,12.630000114440918,7.880000114440918,0.7300000190734863,1004.0,2.1500000953674316,2.180000066757202,243.0,0.0,1600842368.0,1600886016.0,0.23999999463558197,,6016478.0,0.0,,0.4300000071525574,16093.0,3.0,319.29998779296875,,,,
4109751202,"Sep 25, 2020, 11:04:04 AM",Lunch Run,Run,,1878,4.31,17,false,Distance Shoes,activities/4397575878.fit.gz,,,1878.0,1442.0,4316.2998046875,5.0,2.9932732582092285,20.0,53.0,1.399999976158142,59.20000076293945,28.100000381469727,-0.7645437121391296,,,99.0,85.40630340576172,,141.15977478027344,,,285.0,,,17.0,,,,,,,,,,,,,0.0,,1.0,4342.0,1601031552.0,1.0,12.069999694824219,12.069999694824219,4.980000019073486,0.6200000047683716,1018.0,7.920000076293945,10.609999656677246,334.0,0.0,1601015424.0,1601058560.0,0.3100000023841858,,6016478.0,0.0,,0.10000000149011612,16093.0,3.0,288.5,,,,
4113770601,"Sep 26, 2020, 10:26:28 AM",Lunch Run,Run,,3430,8.98,31,false,Distance Shoes,activities/4401861027.fit.gz,,,3430.0,3338.0,8979.099609375,5.699999809265137,2.6899640560150146,61.0,54.0,15.399999618530273,65.0,28.0,0.12027931213378906,,,124.0,79.80876922607422,,132.13185119628906,,,569.0,,,31.0,,,,,,,,,,,,,0.0,,1.0,9139.7998046875,1601114368.0,1.0,7.730000019073486,6.050000190734863,3.6600000858306885,0.75,1021.5,2.609999895095825,3.6700000762939453,37.0,0.0,1601101824.0,1601144704.0,0.3400000035762787,,6016478.0,0.0,,0.1899999976158142,16093.0,2.0,271.6000061035156,,,,
4132060942,"Sep 30, 2020, 9:56:29 AM",Morning Run,Run,,3549,9.36,50,false,Distance Shoes,activities/4421326122.fit.gz,,,3549.0,3498.0,9364.2998046875,4.400000095367432,2.677043914794922,63.0,65.0,14.0,67.5999984741211,23.5,-0.010678854770958424,,,103.0,84.29732513427734,,141.64149475097656,,,753.0,,,50.0,,,,,,,,,,,,,0.0,,1.0,9503.7001953125,1601456384.0,5.0,12.430000305175781,12.430000305175781,10.489999771118164,0.8799999952316284,998.7999877929688,6.579999923706055,9.5,305.0,0.11429999768733978,1601447936.0,1601489792.0,0.4699999988079071,,6016478.0,1.0,5.0,0.9900000095367432,16093.0,1.0,312.20001220703125,,,,
4138645993,"Oct 1, 2020, 1:09:12 PM",Afternoon Run,Run,,1557,3.81,9,false,Distance Shoes,activities/4428303604.fit.gz,,,1557.0,1292.0,3818.60009765625,4.599999904632568,2.9555728435516357,64.0,64.0,24.0,61.79999923706055,27.5,-0.3090137839317322,,,107.0,86.98236083984375,,135.75173950195312,,,318.0,,,9.0,,,,,,,,,,,,,0.0,,1.0,4070.5,1601557248.0,5.0,11.359999656677246,11.359999656677246,4.960000038146973,0.6499999761581421,994.5,3.680000066757202,4.769999980926514,215.0,0.503000020980835,1601534464.0,1601576064.0,0.5,,6016478.0,1.0,5.0,0.8899999856948853,14923.0,2.0,333.3999938964844,,,,
4144701437,"Oct 3, 2020, 8:57:40 AM",Morning Run,Run,Nice long slow run,7756,19.35,168,false,Distance Shoes,activities/4434752591.fit.gz,,,7756.0,7753.0,19349.0,7.199999809265137,2.4956791400909424,121.0,107.0,-0.800000011920929,81.80000305175781,22.899999618530273,0.025841128081083298,,,96.0,82.24402618408203,,151.10296630859375,,,1767.0,,,168.0,,,,,,,,,,,0.0,,0.0,,1.0,19674.599609375,1601712000.0,1.0,8.609999656677246,6.380000114440918,4.510000228881836,0.75,1001.7999877929688,3.809999942779541,6.599999904632568,325.0,0.0,1601707392.0,1601748480.0,0.5600000023841858,,6016478.0,0.0,,0.23999999463558197,16093.0,0.0,306.6000061035156,,,,
4158618262,"Oct 6, 2020, 12:45:40 PM",Afternoon Run,Run,,3375,8.16,38,false,Distance Shoes,activities/4449506889.fit.gz,,,3375.0,3317.0,8166.2998046875,5.300000190734863,2.461953639984131,63.0,72.0,1.600000023841858,52.79999923706055,46.20000076293945,-0.14694537222385406,,,117.0,82.5982894897461,,138.30931091308594,,,671.0,,,38.0,,,,,,,,,,,,,0.0,,1.0,8279.0,1601985536.0,2.0,12.949999809265137,12.949999809265137,9.9399995803833,0.8199999928474426,1000.4000244140625,8.449999809265137,11.199999809265137,299.0,0.0,1601966976.0,1602007296.0,0.6499999761581421,,6016478.0,0.0,,0.5,16093.0,2.0,293.5,,,,
4170899047,"Oct 9, 2020, 8:30:54 AM",Morning Run,Run,,1681,4.02,9,false,Distance Shoes,activities/4462500405.fit.gz,,,1681.0,1616.0,4023.0,4.199999809265137,2.4894802570343018,38.0,31.0,56.79999923706055,95.4000015258789,11.0,-0.05965697392821312,,,99.0,82.0931625366211,,127.00128936767578,,,304.0,,,9.0,,,,,,,,,,,,,0.0,,1.0,4114.7001953125,1602230400.0,3.0,8.210000038146973,5.71999979019165,5.980000019073486,0.8600000143051147,1019.2000122070312,4.179999828338623,9.300000190734863,256.0,0.0,1602226304.0,1602265984.0,0.7400000095367432,,6016478.0,0.0,,0.8899999856948853,16093.0,0.0,304.70001220703125,,,,
4186479869,"Oct 12, 2020, 5:20:09 PM",Evening Run,Run,,3484,8.44,11,false,Distance Shoes,activities/4479063713.fit.gz,,,3484.0,2693.0,8445.0,4.900000095367432,3.1359078884124756,23.0,22.0,12.399999618530273,23.600000381469727,22.399999618530273,-0.04973357170820236,,,100.0,84.57617950439453,,124.13092041015625,,,541.0,,,11.0,,,,,,,,,,,,,0.0,,1.0,8610.900390625,1602521984.0,5.0,10.970000267028809,10.970000267028809,6.800000190734863,0.75,1021.9000244140625,6.920000076293945,10.6899995803833,318.0,0.06880000233650208,1602486016.0,1602524928.0,0.8500000238418579,,6016478.0,1.0,5.0,0.6899999976158142,16093.0,0.0,298.1000061035156,,,,
4190754465,"Oct 13, 2020, 5:41:57 PM",Evening Swim,Swim,,2847,"1,650",,false,,activities/4483624091.fit.gz,,,2847.0,2258.0,1650.0,1.7999999523162842,0.730735182762146,0.0,,,,0.0,0.0,,,,23.0,,,,,349.0,,,,,,,,,,,,,,,,0.0,,1.0,,,,,,,,,,,,,,,,,,,,,,,,,,,
4194611215,"Oct 14, 2020, 3:41:11 PM",Afternoon Run,Run,,3726,8.81,47,false,Distance Shoes,activities/4487808596.fit.gz,,,3726.0,3498.0,8815.400390625,4.699999809265137,2.5201258659362793,57.0,59.0,-1.2000000476837158,47.79999923706055,18.700000762939453,-0.11343784630298615,,,117.0,81.13423156738281,,139.47166442871094,,,756.0,,,47.0,,,,,,,,,,,,,0.0,,1.0,8933.599609375,1602687616.0,2.0,13.399999618530273,13.399999618530273,9.539999961853027,0.7699999809265137,1027.0,3.859999895095825,5.329999923706055,81.0,0.0,1602658944.0,1602697344.0,0.9200000166893005,,6016478.0,0.0,,0.5799999833106995,16093.0,1.0,315.70001220703125,,,,
4201558338,"Oct 16, 2020, 7:18:57 AM",Morning Swim,Swim,,2274,825,,false,,activities/4495173853.fit.gz,,,2274.0,1123.0,825.0,3.0999999046325684,0.7346393465995789,0.0,,,,0.0,0.0,,,,24.0,,,,,173.0,,,,,,,,,,,,,,,,0.0,,1.0,,,,,,,,,,,,,,,,,,,,,,,,,,,
4206813293,"Oct 17, 2020, 2:21:15 PM",Afternoon Run,Run,,1482,3.94,12,false,Distance Shoes,activities/4500738409.fit.gz,,,1482.0,1480.0,3944.5,4.199999809265137,2.6652026176452637,42.0,41.0,19.600000381469727,49.599998474121094,35.79999923706055,-0.14196982979774475,,,105.0,88.1496810913086,,136.67001342773438,,,310.0,,,12.0,,,,,,,,,,,,,0.0,,1.0,4056.89990234375,1602943232.0,2.0,12.25,12.25,7.309999942779541,0.7200000286102295,1022.5,6.670000076293945,8.65999984741211,79.0,0.0,1602918528.0,1602956160.0,0.03999999910593033,,6016478.0,0.0,,0.6299999952316284,16093.0,1.0,282.3999938964844,,,,
4211273508,"Oct 18, 2020, 10:03:11 AM",Lunch Run,Run,,9135,22.35,206,false,Distance Shoes,activities/4505473387.fit.gz,,,9135.0,8601.0,22358.69921875,4.400000095367432,2.5995466709136963,122.0,103.0,9.600000381469727,78.4000015258789,20.5,0.14848805963993073,,,98.0,84.64031982421875,,153.54127502441406,,,1990.0,,,206.0,,,,,,,,,,,,,0.0,,1.0,22691.099609375,1603015168.0,2.0,8.680000305175781,6.46999979019165,6.289999961853027,0.8500000238418579,1022.2999877929688,3.809999942779541,5.769999980926514,103.0,0.0,1603005056.0,1603042432.0,0.07999999821186066,,6016478.0,0.0,,0.6499999761581421,16093.0,1.0,282.20001220703125,,,,
4214830361,"Oct 19, 2020, 7:16:11 AM",Morning Swim,Swim,,3131,"1,550",,false,,activities/4509261363.fit.gz,,,3131.0,2160.0,1550.0,1.399999976158142,0.7175925970077515,0.0,,,,0.0,0.0,,,,23.0,,,,,317.0,,,,,,,,,,,,,,,,0.0,,1.0,,,,,,,,,,,,,,,,,,,,,,,,,,,
4224117537,"Oct 21, 2020, 11:43:08 AM",Lunch Swim,Swim,,3470,"2,075",,false,,activities/4519128655.fit.gz,,,3470.0,2551.0,2075.0,1.5,0.8134065270423889,0.0,,,,0.0,0.0,,,,25.0,,,,,436.0,,,,,,,,,,,,,,,,0.0,,1.0,,,,,,,,,,,,,,,,,,,,,,,,,,,
4228041261,"Oct 22, 2020, 10:22:40 AM",Lunch Run,Run,,3650,9.09,33,false,Distance Shoes,activities/4523274580.fit.gz,,,3650.0,3489.0,9090.099609375,4.5,2.6053597927093506,70.0,63.0,20.0,69.4000015258789,17.100000381469727,0.028602546080946922,,,103.0,82.77063751220703,,134.27108764648438,,,672.0,,,33.0,,,,,,,,,,,,,0.0,,1.0,9234.900390625,1603360768.0,2.0,8.399999618530273,6.760000228881836,4.710000038146973,0.7799999713897705,1008.0999755859375,2.7300000190734863,4.210000038146973,3.0,0.0,1603351040.0,1603387520.0,0.23000000417232513,,6016478.0,0.0,,0.3400000035762787,16093.0,1.0,293.70001220703125,,,,
4245624813,"Oct 26, 2020, 11:38:31 AM",Lunch Run,Run,Struggled today. Finished early. Call it a bad day!,2207,5.43,11,false,Distance Shoes,activities/4541887537.fit.gz,,,2207.0,1726.0,5434.60009765625,5.0,3.148667335510254,27.0,30.0,12.600000381469727,23.799999237060547,40.0,-0.007360247429460287,,,103.0,85.94145965576172,,132.05970764160156,,,412.0,,,11.0,,,,,,,,,,,0.0,,0.0,,1.0,5713.2001953125,1603709952.0,5.0,11.109999656677246,11.109999656677246,8.680000305175781,0.8500000238418579,998.5999755859375,8.8100004196167,11.199999809265137,301.0,0.18209999799728394,1603697152.0,1603732608.0,0.36000001430511475,,6016478.0,1.0,5.0,0.6200000047683716,16093.0,1.0,305.0,,,,
4259113813,"Oct 29, 2020, 4:32:36 PM",Afternoon Run,Run,Pulled up over injury. Will take a week or two off and reassess. ,2090,5.21,15,false,"",activities/4556142798.fit.gz,,,2090.0,1816.0,5214.7001953125,4.300000190734863,2.871530771255493,42.0,43.0,4.199999809265137,17.799999237060547,48.79999923706055,0.046023741364479065,,,100.0,84.72002410888672,,133.90011596679688,,,428.0,,,15.0,,,,,,,,,,,0.0,,0.0,,1.0,5507.0,1603987200.0,5.0,14.0600004196167,14.0600004196167,12.550000190734863,0.9100000262260437,997.7000122070312,14.34000015258789,22.809999465942383,215.0,0.34369999170303345,1603956608.0,1603991424.0,0.44999998807907104,,7253076.0,1.0,5.0,1.0,16093.0,0.0,277.70001220703125,,,,
4262681997,"Oct 30, 2020, 2:51:44 PM",Afternoon Walk,Walk,,2939,4.56,6,false,Distance Shoes,activities/4559926898.fit.gz,,,2939.0,2920.0,4566.5,2.299999952316284,1.563869833946228,63.0,56.0,39.400001525878906,85.0,35.70000076293945,0.06569582968950272,,,107.0,62.371116638183594,,93.4660415649414,,,326.0,,,6.0,,,,,,,,,,,,,0.0,,1.0,,1604066432.0,2.0,10.8100004196167,10.8100004196167,5.789999961853027,0.7099999785423279,1013.5,3.9600000381469727,4.579999923706055,244.0,0.0,1604043136.0,1604077696.0,0.47999998927116394,,6016478.0,0.0,,0.7599999904632568,16093.0,1.0,299.1000061035156,,,,
4284671049,"Nov 4, 2020, 12:00:57 PM",Lunch Walk,Walk,,2442,3.68,6,false,Distance Shoes,activities/4583276156.fit.gz,,,2442.0,2442.0,3681.800048828125,2.0999999046325684,1.507698655128479,45.0,42.0,24.200000762939453,64.19999694824219,13.100000381469727,0.4291379153728485,,,124.0,61.31662368774414,,99.62931823730469,,,246.0,,,6.0,,,,,,,,,,,,,0.0,,1.0,,1604491264.0,1.0,9.470000267028809,7.96999979019165,5.619999885559082,0.7699999809265137,1038.0,2.8399999141693115,4.199999809265137,325.0,0.0,1604475776.0,1604509184.0,0.6299999952316284,,6016478.0,0.0,,0.30000001192092896,16093.0,1.0,280.5,,,,
4311651243,"Nov 9, 2020, 8:39:36 AM",Morning Run,Run,"",2665,5.66,28,false,"",activities/4609141222.fit.gz,,,2665.0,2597.0,5668.39990234375,4.0,2.1826722621917725,50.0,52.0,4.400000095367432,55.400001525878906,46.79999923706055,0.08820831030607224,,,93.0,73.08425903320312,,132.21473693847656,,,498.0,,,28.0,,,,,,,,,,,0.0,,0.0,,1.0,5821.0,1604908800.0,2.0,10.609999656677246,10.609999656677246,8.369999885559082,0.8600000143051147,1011.4000244140625,4.050000190734863,8.210000038146973,126.0,0.0,1604908416.0,1604940672.0,0.800000011920929,,7253076.0,0.0,,0.7200000286102295,16093.0,0.0,310.79998779296875,,,,
4323181333,"Nov 11, 2020, 3:59:34 PM",Afternoon Run,Run,"",2270,5.86,32,false,"",activities/4621359930.fit.gz,,,2270.0,2183.0,5868.2001953125,4.099999904632568,2.6881356239318848,59.0,65.0,38.599998474121094,78.0,22.399999618530273,-0.10906240344047546,,,93.0,82.41861724853516,,143.91082763671875,,,512.0,,,32.0,,,,,,,,,,,0.0,,0.0,,1.0,6023.7001953125,1605106816.0,5.0,10.369999885559082,10.369999885559082,9.579999923706055,0.949999988079071,997.2000122070312,3.940000057220459,6.53000020980835,275.0,2.621000051498413,1605081344.0,1605113216.0,0.8700000047683716,,7253076.0,1.0,5.0,0.9399999976158142,7300.0,0.0,310.29998779296875,,,,
4326595629,"Nov 12, 2020, 11:10:43 AM",Lunch Walk,Walk,"",2613,3.47,5,false,Other,activities/4625041032.fit.gz,,,2613.0,2525.0,3469.10009765625,2.200000047683716,1.3739010095596313,27.0,23.0,-5.199999809265137,4.199999809265137,44.400001525878906,-0.11530368030071259,,,82.0,60.431419372558594,,94.6122055053711,,,254.0,,,5.0,,,,,,,,,,,0.0,,0.0,,1.0,,1605178752.0,3.0,10.369999885559082,10.369999885559082,8.34000015258789,0.8700000047683716,1003.7000122070312,9.40999984741211,16.049999237060547,189.0,0.0,1605167872.0,1605199616.0,0.9100000262260437,,6016516.0,0.0,,0.9800000190734863,16093.0,1.0,301.0,,,,
4331246973,"Nov 13, 2020, 10:47:39 AM",Morning Run,Run,"",1964,5.02,39,false,"",activities/4629991738.fit.gz,,,1964.0,1834.0,5020.2998046875,5.599999904632568,2.7373499870300293,46.0,50.0,-13.199999809265137,14.800000190734863,20.200000762939453,-0.003983825445175171,,,90.0,83.11544799804688,,149.7696075439453,,,446.0,,,39.0,,,,,,,,,,,0.0,,0.0,,1.0,5146.10009765625,1605261568.0,5.0,9.0,5.099999904632568,6.059999942779541,0.8199999928474426,1003.5999755859375,9.069999694824219,13.40999984741211,238.0,0.37400001287460327,1605254400.0,1605285888.0,0.949999988079071,,7253076.0,1.0,5.0,0.5799999833106995,16093.0,0.0,317.70001220703125,,,,
4340712380,"Nov 15, 2020, 10:46:07 AM",Morning Run,Run,,2016,5.51,37,false,Distance Shoes,activities/4640011693.fit.gz,,,2016.0,2016.0,5513.7998046875,4.400000095367432,2.7350199222564697,37.0,46.0,4.800000190734863,50.400001525878906,11.699999809265137,-0.24665385484695435,,,93.0,83.71636199951172,,146.7786865234375,,,474.0,,,37.0,,,,,,,,,,,,,0.0,,1.0,5569.39990234375,1605434368.0,3.0,8.239999771118164,3.630000114440918,7.150000095367432,0.9300000071525574,982.7999877929688,11.15999984741211,14.960000038146973,226.0,0.0,1605427456.0,1605458432.0,0.029999999329447746,,6016478.0,0.0,,0.9599999785423279,9957.0,0.0,308.20001220703125,,,,
4347913291,"Nov 16, 2020, 8:58:22 PM",Evening Walk,Walk,"",1886,2.76,4,false,"",activities/4647650304.fit.gz,,,1886.0,1826.0,2760.60009765625,2.5999999046325684,1.511829137802124,27.0,28.0,-6.800000190734863,5.400000095367432,27.799999237060547,-0.30428168177604675,,,124.0,62.306583404541016,,97.95741271972656,,,196.0,,,4.0,,,,,,,,,,,0.0,,0.0,,1.0,,1605556736.0,8.0,12.579999923706055,12.579999923706055,12.470000267028809,0.9900000095367432,1006.0,12.140000343322754,20.020000457763672,224.0,0.0,1605513856.0,1605544832.0,0.05999999865889549,,7253076.0,0.0,,1.0,16093.0,0.0,224.39999389648438,,,,
4351018463,"Nov 17, 2020, 2:09:50 PM",Afternoon Run,Run,,1813,5.11,25,false,Distance Shoes,activities/4650782272.fit.gz,,,1813.0,1773.0,5114.2998046875,5.0,2.8845460414886475,9.0,8.0,-1.2000000476837158,9.600000381469727,32.79999923706055,0.18379837274551392,,,92.0,84.2152328491211,,142.39002990722656,,,416.0,,,25.0,,,,,,,,,,,,,0.0,,1.0,5200.10009765625,1605621632.0,8.0,14.649999618530273,14.649999618530273,12.319999694824219,0.8600000143051147,1008.5999755859375,9.390000343322754,17.5,206.0,0.0,1605600384.0,1605631104.0,0.10000000149011612,,6016478.0,0.0,,0.9700000286102295,16093.0,1.0,235.6999969482422,,,,
4355364321,"Nov 18, 2020, 12:29:34 PM",Lunch Walk,Walk,,1837,2.05,5,false,Distance Shoes,activities/4655364442.fit.gz,,,1837.0,1754.0,2052.300048828125,6.099999904632568,1.170068383216858,21.0,28.0,6.800000190734863,32.20000076293945,38.099998474121094,-0.3508259057998657,,,113.0,60.30728530883789,,105.5778579711914,,,224.0,,,5.0,,,,,,,,,,,,,0.0,,1.0,,1605700864.0,8.0,8.880000114440918,4.130000114440918,4.699999809265137,0.75,1006.9000244140625,12.979999542236328,17.09000015258789,246.0,0.0,1605686912.0,1605717376.0,0.14000000059604645,,6016478.0,0.0,,0.7300000190734863,12078.0,1.0,309.29998779296875,,,,
4359480379,"Nov 19, 2020, 10:32:09 AM",Morning Run,Run,"",3743,9.38,79,false,"",activities/4659716462.fit.gz,,,3743.0,3545.0,9384.400390625,4.0,2.647221326828003,98.0,92.0,0.20000000298023224,70.0,43.099998474121094,-0.0021311964374035597,,,105.0,81.42980194091797,,151.43338012695312,,,862.0,,,79.0,,,,,,,,,,,,,0.0,,1.0,9597.7001953125,1605779968.0,1.0,6.239999771118164,3.4100000858306885,0.8100000023841858,0.6800000071525574,1032.800048828125,3.930000066757202,6.460000038146973,289.0,0.0,1605773440.0,1605803776.0,0.17000000178813934,,7253076.0,0.0,,0.11999999731779099,16093.0,0.0,294.5,,,,
4370702427,"Nov 21, 2020, 4:31:29 PM",Afternoon Run,Run,"",4396,10.30,118,false,"",activities/4671546527.fit.gz,,,4396.0,3857.0,10303.599609375,4.5,2.6714026927948,69.0,73.0,-9.399999618530273,19.200000762939453,19.0,-0.04076245054602623,,,90.0,81.75390625,,158.26499938964844,,,1013.0,,,118.0,,,,,,,,,,,,,0.0,,1.0,10478.0,1605974400.0,2.0,9.680000305175781,6.510000228881836,7.820000171661377,0.8799999952316284,1022.2999877929688,7.059999942779541,10.279999732971191,210.0,0.0,1605946496.0,1605976320.0,0.23999999463558197,,7253076.0,0.0,,0.5199999809265137,16093.0,0.0,299.0,,,,
4384250101,"Nov 24, 2020, 2:08:48 PM",Afternoon Run,Run,"",1968,5.41,49,false,"",activities/4686079867.fit.gz,,,1968.0,1803.0,5413.39990234375,4.300000190734863,3.0024404525756836,39.0,42.0,14.199999809265137,56.599998474121094,10.600000381469727,0.05911257117986679,,,99.0,85.82611083984375,,154.9803009033203,,,472.0,,,49.0,,,,,,,,,,,0.0,,0.0,,1.0,5491.0,1606226432.0,5.0,6.289999961853027,3.430000066757202,3.8499999046325684,0.8399999737739563,1004.7999877929688,4.039999961853027,7.179999828338623,174.0,1.0328999757766724,1606205952.0,1606235392.0,0.33000001311302185,,7253076.0,1.0,5.0,1.0,16093.0,0.0,289.70001220703125,,,,
4387807743,"Nov 25, 2020, 9:35:42 AM",Morning Run,Run,Very slow run! Thought I'd give a fasted run a go. Was starving! ,2315,5.71,36,false,Distance Shoes,activities/4689847523.fit.gz,,,2315.0,2307.0,5716.2001953125,4.0,2.4777634143829346,52.0,58.0,13.199999809265137,58.20000076293945,35.79999923706055,-0.11896014958620071,,,122.0,78.74072265625,,144.03392028808594,,,512.0,,,36.0,,,,,,,,,,,0.0,,0.0,,1.0,5795.89990234375,1606294784.0,2.0,4.880000114440918,2.8399999141693115,2.130000114440918,0.8199999928474426,1013.4000244140625,2.4200000762939453,5.519999980926514,309.0,0.0,1606292480.0,1606321792.0,0.36000001430511475,,6016478.0,0.0,,0.4099999964237213,16093.0,0.0,303.3999938964844,,,,
4390194716,"Nov 25, 2020, 6:39:58 PM",Evening Walk,Walk,,2726,4.07,6,false,Distance Shoes,activities/4692364120.fit.gz,,,2726.0,2593.0,4069.800048828125,13.899999618530273,1.569533348083496,15.0,19.0,-0.4000000059604645,12.399999618530273,43.5,-0.05897095799446106,,,65.0,60.2510871887207,,100.13448333740234,,,258.0,,,6.0,,,,,,,,,,,,,0.0,,1.0,,1606327168.0,1.0,6.849999904632568,3.950000047683716,3.0199999809265137,0.7699999809265137,1018.7000122070312,4.360000133514404,8.779999732971191,298.0,0.0,1606292480.0,1606321792.0,0.36000001430511475,,6016478.0,0.0,,0.05000000074505806,16093.0,0.0,308.3999938964844,,,,
4392572005,"Nov 26, 2020, 11:40:38 AM",Lunch Run,Run,"",696,2.46,13,false,"",activities/4694888629.fit.gz,,,696.0,696.0,2459.800048828125,4.400000095367432,3.5341954231262207,2.0,28.0,21.799999237060547,52.599998474121094,3.700000047683716,-1.097650170326233,,,92.0,85.55059814453125,,146.56402587890625,,,170.0,,,13.0,,,,,,,,,,,0.0,,0.0,,1.0,2415.800048828125,1606388352.0,3.0,5.320000171661377,3.369999885559082,3.299999952316284,0.8700000047683716,1022.7999877929688,2.4000000953674316,3.8499999046325684,193.0,0.0,1606379008.0,1606408064.0,0.38999998569488525,,7253076.0,0.0,,0.9300000071525574,11431.0,0.0,277.70001220703125,,,,
4392683645,"Nov 26, 2020, 12:01:34 PM",Lunch Run,Run,"",1153,2.92,9,false,"",activities/4695006534.fit.gz,,,1153.0,1147.0,2920.10009765625,3.9000000953674316,2.545858860015869,41.0,9.0,14.399999618530273,56.599998474121094,14.5,1.0342111587524414,,,91.0,77.4201431274414,,131.18109130859375,,,234.0,,,9.0,,,,,,,,,,,0.0,,0.0,,1.0,3050.60009765625,1606392064.0,3.0,6.139999866485596,4.139999866485596,3.990000009536743,0.8600000143051147,1023.0,2.640000104904175,4.409999847412109,206.0,0.0,1606379008.0,1606408064.0,0.38999998569488525,,7253076.0,0.0,,0.9399999976158142,11674.0,1.0,277.5,,,,
4394107236,"Nov 26, 2020, 4:52:32 PM",Afternoon Walk,Walk,,2063,3.10,5,false,Distance Shoes,activities/4696511787.fit.gz,,,2063.0,1955.0,3108.39990234375,11.100000381469727,1.5899744033813477,4.0,7.0,-8.399999618530273,-1.2000000476837158,18.600000381469727,-0.025736713781952858,,,80.0,60.39988708496094,,101.13133239746094,,,197.0,,,5.0,,,,,,,,,,,,,0.0,,1.0,,1606406400.0,3.0,7.510000228881836,5.380000114440918,3.9000000953674316,0.7799999713897705,1021.7999877929688,3.2200000286102295,4.96999979019165,240.0,0.0,1606379008.0,1606408064.0,0.38999998569488525,,6016478.0,0.0,,0.9700000286102295,16093.0,0.0,275.5,,,,
4406897592,"Nov 29, 2020, 11:48:09 AM",Lunch Run,Run,,2244,5.50,46,false,Distance Shoes,activities/4710023569.fit.gz,,,2244.0,2148.0,5506.0,4.300000190734863,2.56331467628479,50.0,37.0,2.200000047683716,30.600000381469727,21.100000381469727,0.14166364073753357,,,94.0,81.08345794677734,,151.33413696289062,,,525.0,,,46.0,,,,,,,,,,,,,0.0,,1.0,5665.5,1606647552.0,3.0,8.100000381469727,8.100000381469727,7.170000076293945,0.9399999976158142,1027.0999755859375,1.2799999713897705,2.5199999809265137,173.0,0.0,1606638464.0,1606667136.0,0.47999998927116394,,6016478.0,0.0,,0.8999999761581421,16093.0,0.0,314.8999938964844,,,,
4412180811,"Nov 30, 2020, 2:59:40 PM",Afternoon Run,Run,"",2300,5.87,40,false,"",activities/4715620970.fit.gz,,,2300.0,2224.0,5871.39990234375,4.0,2.6400179862976074,66.0,60.0,40.79999923706055,82.4000015258789,28.100000381469727,-0.0476887971162796,,,103.0,83.23348236083984,,147.7003173828125,,,534.0,,,40.0,,,,,,,,,,,0.0,,0.0,,1.0,6039.10009765625,1606744832.0,3.0,11.050000190734863,11.050000190734863,10.609999656677246,0.9700000286102295,1025.699951171875,7.190000057220459,10.75,356.0,0.0,1606724992.0,1606753408.0,0.5099999904632568,,7253076.0,0.0,,1.0,16093.0,0.0,294.20001220703125,,,,
4412951771,"Nov 30, 2020, 6:21:39 PM",Evening Walk,Walk,,2314,3.00,5,false,Distance Shoes,activities/4716433890.fit.gz,,,2314.0,2314.0,3002.39990234375,2.5999999046325684,1.297493577003479,10.0,10.0,-11.0,-1.7999999523162842,14.899999618530273,-0.006661337800323963,,,70.0,59.74110794067383,,96.84066009521484,,,214.0,,,5.0,,,,,,,,,,,,,0.0,,1.0,,1606759168.0,3.0,10.119999885559082,10.119999885559082,10.119999885559082,1.0,1027.300048828125,3.4700000286102295,5.809999942779541,293.0,0.0,1606724992.0,1606753408.0,0.5099999904632568,,6016478.0,0.0,,1.0,16093.0,0.0,289.5,,,,
4414843210,"Dec 1, 2020, 8:14:40 AM",Morning Swim,Swim,,1938,"1,000",,false,,activities/4718422115.fit.gz,,,1938.0,1285.0,1000.0,0.8999999761581421,0.7782101035118103,0.0,,,,0.0,0.0,,,,24.0,,,,,202.0,,,,,,,,,,,,,,,,0.0,,1.0,,,,,,,,,,,,,,,,,,,,,,,,,,,
4421065435,"Dec 2, 2020, 4:00:41 PM",Afternoon Run,Run,,2702,5.07,35,false,Distance Shoes,activities/4724973798.fit.gz,,,2702.0,1846.0,5070.10009765625,3.9000000953674316,2.746533155441284,50.0,42.0,17.600000381469727,61.400001525878906,14.699999809265137,0.15778781473636627,,,92.0,81.3869400024414,,147.11117553710938,,,438.0,,,35.0,,,,,,,,,,,,,0.0,,1.0,5175.89990234375,1606924800.0,3.0,7.300000190734863,2.640000104904175,3.940000057220459,0.7900000214576721,1015.2000122070312,9.949999809265137,14.800000190734863,268.0,0.0,1606897920.0,1606926208.0,0.5799999833106995,,6016478.0,0.0,,0.8999999761581421,16093.0,0.0,290.70001220703125,,,,
4424546944,"Dec 3, 2020, 12:45:28 PM",Lunch Swim,Swim,,2084,"1,075",,false,,activities/4728649887.fit.gz,,,2084.0,1236.0,1075.0,2.0999999046325684,0.8697410821914673,0.0,,,,0.0,0.0,,,,24.0,,,,,242.0,,,,,,,,,,,,,,,,0.0,,1.0,,,,,,,,,,,,,,,,,,,,,,,,,,,
4431259818,"Dec 5, 2020, 8:18:46 AM",Morning Swim,Swim,,2336,"1,225",,false,,activities/4735755225.fit.gz,,,2336.0,1549.0,1225.0,1.100000023841858,0.7908328175544739,0.0,,,,0.0,0.0,,,,24.0,,,,,253.0,,,,,,,,,,,,,,,,0.0,,1.0,,,,,,,,,,,,,,,,,,,,,,,,,,,
4436960391,"Dec 6, 2020, 11:23:34 AM",Lunch Run,Run,"",2253,6.19,42,false,"",activities/4741783447.fit.gz,,,2253.0,2186.0,6196.7001953125,4.300000190734863,2.8347208499908447,61.0,50.0,54.20000076293945,100.19999694824219,11.399999618530273,0.11619087308645248,,,94.0,85.24365234375,,147.27987670898438,,,514.0,,,42.0,,,,,,,,,,,0.0,,0.0,,1.0,6344.7998046875,1607252352.0,2.0,4.230000019073486,4.230000019073486,4.119999885559082,0.9900000095367432,1005.4000244140625,0.5,1.149999976158142,87.0,0.0,1607243520.0,1607271680.0,0.7099999785423279,,7253076.0,0.0,,0.8700000047683716,10484.0,0.0,256.5,,,,
4441748258,"Dec 7, 2020, 12:46:19 PM",Lunch Swim,Swim,,1897,"1,000",,false,,activities/4746845356.fit.gz,,,1897.0,1225.0,1000.0,0.8999999761581421,0.8163265585899353,0.0,,,,0.0,0.0,,,,25.0,,,,,206.0,,,,,,,,,,,,,,,,0.0,,1.0,,,,,,,,,,,,,,,,,,,,,,,,,,,
4445562624,"Dec 8, 2020, 11:58:31 AM",Lunch Run,Run,"",2394,6.86,74,false,"",activities/4750860140.fit.gz,,,2394.0,2347.0,6866.2001953125,4.400000095367432,2.9255218505859375,34.0,38.0,-4.800000190734863,32.400001525878906,23.100000381469727,-0.049517929553985596,,,96.0,86.88358306884766,,158.89439392089844,,,624.0,,,74.0,,,,,,,,,,,0.0,,0.0,,1.0,6940.0,1607425152.0,1.0,6.619999885559082,2.75,4.559999942779541,0.8700000047683716,1008.0999755859375,6.539999961853027,11.289999961853027,326.0,0.0,1607416832.0,1607444352.0,0.7799999713897705,,7253076.0,0.0,,0.2199999988079071,16093.0,0.0,297.8999938964844,,,,
4454058715,"Dec 10, 2020, 12:31:40 PM",Lunch Run,Run,"",1507,4.39,29,false,"",activities/4759768545.fit.gz,,,1507.0,1375.0,4395.39990234375,4.199999809265137,3.1966545581817627,11.0,4.0,-0.20000000298023224,11.199999809265137,25.600000381469727,0.20020930469036102,,,95.0,87.87067413330078,,149.96142578125,,,341.0,,,29.0,,,,,,,,,,,0.0,,0.0,,1.0,4438.5,1607601664.0,3.0,8.0,4.389999866485596,6.659999847412109,0.9100000262260437,992.5999755859375,6.929999828338623,11.949999809265137,175.0,0.0,1607589760.0,1607617152.0,0.8500000238418579,,7253076.0,0.0,,0.9900000095367432,9281.0,0.0,262.1000061035156,,,,
